,,,,,,,Playing Time,Playing Time,Playing Time,Playing Time,Performance,Performance,Performance,Performance,Performance,Performance,Performance,Per 90 Minutes,Per 90 Minutes,Per 90 Minutes,Per 90 Minutes,Per 90 Minutes,Expected,Expected,Expected,Expected,Per 90 Minutes,Per 90 Minutes,Per 90 Minutes,Per 90 Minutes,Per 90 Minutes,,-additional
Rk,Player,Nation,Pos,Squad,Age,Born,MP,Starts,Min,90s,Gls,Ast,G-PK,PK,PKatt,CrdY,CrdR,Gls,Ast,G+A,G-PK,G+A-PK,xG,npxG,xAG,npxG+xAG,xG,xAG,xG+xAG,npxG,npxG+xAG,Matches,-9999
1,Tammy Abraham,eng ENG,FW,Roma,23,1997,37,36,3084,34.3,17,4,14,3,3,9,0,0.50,0.12,0.61,0.41,0.53,19.2,16.8,4.9,21.8,0.56,0.14,0.70,0.49,0.63,Matches,f586779e
2,Francesco Acerbi,it ITA,DF,Lazio,33,1988,30,29,2536,28.2,4,0,4,0,0,2,1,0.14,0.00,0.14,0.14,0.14,2.2,2.2,0.7,2.9,0.08,0.02,0.10,0.08,0.10,Matches,b96b595c
3,Michel Aebischer,ch SUI,MF,Bologna,24,1997,12,4,443,4.9,0,0,0,0,0,1,0,0.00,0.00,0.00,0.00,0.00,0.1,0.1,0.5,0.6,0.03,0.10,0.12,0.03,0.12,Matches,f9c927de
4,Felix Afena-Gyan,gh GHA,FWMF,Roma,18,2003,17,6,668,7.4,2,0,2,0,0,5,1,0.27,0.00,0.27,0.27,0.27,1.5,1.5,0.7,2.2,0.20,0.10,0.30,0.20,0.30,Matches,0154d290
5,Kevin Agudelo,co COL,MFFW,Spezia,22,1998,23,12,1237,13.7,3,1,3,0,0,2,1,0.22,0.07,0.29,0.22,0.29,2.0,2.0,1.1,3.1,0.15,0.08,0.23,0.15,0.23,Matches,46fa7204
6,Ola Aina,ng NGA,DF,Torino,24,1996,21,17,1437,16.0,0,0,0,0,0,4,0,0.00,0.00,0.00,0.00,0.00,0.4,0.4,1.6,2.0,0.02,0.10,0.12,0.02,0.12,Matches,246d153b
7,Marley Aké,fr FRA,FWMF,Juventus,20,2001,4,0,77,0.9,0,0,0,0,0,1,0,0.00,0.00,0.00,0.00,0.00,0.0,0.0,0.0,0.0,0.00,0.00,0.00,0.00,0.00,Matches,414e1f69
8,Jean-Daniel Akpa-Akpro,ci CIV,MF,Lazio,28,1992,10,4,315,3.5,0,0,0,0,0,1,0,0.00,0.00,0.00,0.00,0.00,0.2,0.2,0.0,0.2,0.06,0.01,0.07,0.06,0.07,Matches,fdf4b948
9,Luis Alberto,es ESP,MF,Lazio,28,1992,34,27,2353,26.1,5,9,5,0,0,5,0,0.19,0.34,0.54,0.19,0.54,4.1,4.1,7.9,11.9,0.16,0.30,0.46,0.16,0.46,Matches,5294a83f
10,Giorgio Altare,it ITA,DF,Cagliari,22,1998,19,17,1466,16.3,1,0,1,0,0,5,0,0.06,0.00,0.06,0.06,0.06,1.3,1.3,0.6,1.9,0.08,0.03,0.12,0.08,0.12,Matches,aa5322d5
11,Wisdom Amey,it ITA,DF,Bologna,15,2005,1,1,71,0.8,0,0,0,0,0,0,0,0.00,0.00,0.00,0.00,0.00,0.0,0.0,0.0,0.0,0.00,0.00,0.00,0.00,0.00,Matches,35b4bc62
12,Kelvin Amian,fr FRA,DF,Spezia,23,1998,32,31,2646,29.4,1,1,1,0,0,9,2,0.03,0.03,0.07,0.03,0.07,3.2,3.2,1.2,4.4,0.11,0.04,0.15,0.11,0.15,Matches,bcc81786
13,Nadiem Amiri,de GER,MFFW,Genoa,24,1996,13,9,683,7.6,0,1,0,0,0,0,0,0.00,0.13,0.13,0.00,0.13,1.0,1.0,2.1,3.1,0.14,0.27,0.41,0.14,0.41,Matches,555d5edd
14,Ethan Ampadu,wls WAL,MFDF,Venezia,20,2000,29,26,2282,25.4,0,3,0,0,0,13,2,0.00,0.12,0.12,0.00,0.12,0.3,0.3,1.7,2.1,0.01,0.07,0.08,0.01,0.08,Matches,10b9fa99
15,Sofyan Amrabat,ma MAR,MF,Fiorentina,24,1996,23,8,944,10.5,1,0,1,0,0,6,0,0.10,0.00,0.10,0.10,0.10,0.2,0.2,0.3,0.5,0.02,0.03,0.05,0.02,0.05,Matches,5a2cb25d
16,Felipe Anderson,br BRA,FW,Lazio,28,1993,38,33,2888,32.1,6,8,6,0,0,2,0,0.19,0.25,0.44,0.19,0.44,7.1,7.1,6.7,13.8,0.22,0.21,0.43,0.22,0.43,Matches,9f1893b9
17,Ebenezer Annan,gh GHA,DF,Bologna,18,2002,1,0,25,0.3,0,0,0,0,0,0,0,0.00,0.00,0.00,0.00,0.00,0.0,0.0,0.0,0.0,0.00,0.00,0.00,0.00,0.00,Matches,39aa05a7
18,Cristian Ansaldi,ar ARG,DF,Torino,34,1986,19,5,691,7.7,0,3,0,0,0,2,0,0.00,0.39,0.39,0.00,0.39,0.4,0.4,2.2,2.6,0.05,0.29,0.34,0.05,0.34,Matches,bbafc0c4
19,Janis Antiste,fr FRA,FW,Spezia,18,2002,18,9,796,8.8,1,0,1,0,0,0,0,0.11,0.00,0.11,0.11,0.11,1.3,1.3,0.3,1.6,0.14,0.03,0.18,0.14,0.18,Matches,38d9ce53
20,Mattia Aramu,it ITA,MFFW,Venezia,26,1995,32,25,2100,23.3,7,5,4,3,4,6,0,0.30,0.21,0.51,0.17,0.39,7.2,4.1,4.7,8.7,0.31,0.20,0.51,0.17,0.37,Matches,0847b5a5
21,Marko Arnautović,at AUT,FW,Bologna,32,1989,33,32,2694,29.9,14,1,12,2,3,6,0,0.47,0.03,0.50,0.40,0.43,15.0,12.8,4.3,17.1,0.50,0.14,0.65,0.43,0.57,Matches,00459419
22,Tolgay Arslan,de GER,MF,Udinese,30,1990,30,22,1658,18.4,1,0,1,0,0,9,0,0.05,0.00,0.05,0.05,0.05,1.7,1.7,1.9,3.6,0.09,0.10,0.19,0.09,0.19,Matches,963a328b
23,Arthur,br BRA,FW,Fiorentina,23,1998,14,8,749,8.3,2,2,2,0,0,1,0,0.24,0.24,0.48,0.24,0.48,4.3,4.3,0.4,4.8,0.52,0.05,0.58,0.52,0.58,Matches,a820e429
24,Kristoffer Askildsen,no NOR,MF,Sampdoria,20,2001,19,7,754,8.4,0,0,0,0,0,5,0,0.00,0.00,0.00,0.00,0.00,0.5,0.5,0.2,0.6,0.06,0.02,0.08,0.06,0.08,Matches,a69cc629
25,Kristjan Asllani,al ALB,MF,Empoli,19,2002,23,14,1353,15.0,1,1,1,0,0,2,0,0.07,0.07,0.13,0.07,0.13,0.7,0.7,1.0,1.7,0.05,0.06,0.11,0.05,0.11,Matches,0fdcef0e
26,Emil Audero,it ITA,GK,Sampdoria,24,1997,29,29,2560,28.4,0,0,0,0,0,2,0,0.00,0.00,0.00,0.00,0.00,0.0,0.0,0.3,0.3,0.00,0.01,0.01,0.00,0.01,Matches,649b01d8
27,Tommaso Augello,it ITA,DF,Sampdoria,26,1994,36,25,2395,26.6,1,1,1,0,0,0,0,0.04,0.04,0.08,0.04,0.08,0.5,0.5,1.9,2.4,0.02,0.07,0.09,0.02,0.09,Matches,3cd3b384
28,Ramzi Aya,it ITA,DF,Salernitana,30,1990,2,2,135,1.5,0,0,0,0,0,1,0,0.00,0.00,0.00,0.00,0.00,0.0,0.0,0.0,0.0,0.03,0.00,0.03,0.03,0.03,Matches,6a1f66a7
29,Kaan Ayhan,tr TUR,DF,Sassuolo,26,1994,23,14,1354,15.0,1,0,1,0,0,2,1,0.07,0.00,0.07,0.07,0.07,0.4,0.4,0.1,0.4,0.03,0.00,0.03,0.03,0.03,Matches,2200181e
30,Milan Badelj,hr CRO,MF,Genoa,32,1989,34,34,2844,31.6,1,0,1,0,0,4,0,0.03,0.00,0.03,0.03,0.03,1.3,1.3,2.4,3.7,0.04,0.08,0.12,0.04,0.12,Matches,e8c930bb
31,Nicola Bagnolini,it ITA,GK,Bologna,17,2004,1,0,3,0.0,0,0,0,0,0,0,0,0.00,0.00,0.00,0.00,0.00,0.0,0.0,0.0,0.0,0.00,0.00,0.00,0.00,0.00,Matches,ad263695
32,Issa Bah,lu LUX,FW,Venezia,19,2002,1,0,9,0.1,0,0,0,0,0,0,0,0.00,0.00,0.00,0.00,0.00,0.0,0.0,0.0,0.0,0.00,0.00,0.00,0.00,0.00,Matches,956a78ea
33,Nedim Bajrami,al ALB,MFFW,Empoli,22,1999,35,23,2054,22.8,6,5,3,3,3,3,0,0.26,0.22,0.48,0.13,0.35,7.0,4.7,5.6,10.2,0.31,0.24,0.55,0.20,0.45,Matches,f42d6c13
34,Tiemoué Bakayoko,fr FRA,MF,Milan,26,1994,14,5,501,5.6,0,0,0,0,0,3,0,0.00,0.00,0.00,0.00,0.00,0.3,0.3,0.3,0.6,0.06,0.06,0.12,0.06,0.12,Matches,59bf127b
35,Tommaso Baldanzi,it ITA,FW,Empoli,18,2003,1,0,18,0.2,0,0,0,0,0,0,0,0.00,0.00,0.00,0.00,0.00,0.0,0.0,0.0,0.0,0.00,0.13,0.13,0.00,0.13,Matches,102e2599
36,Keita Baldé,sn SEN,FW,Cagliari,26,1995,26,14,1229,13.7,3,1,3,0,0,2,0,0.22,0.07,0.29,0.22,0.29,3.9,3.9,0.7,4.6,0.29,0.05,0.34,0.29,0.34,Matches,509a4ccb
37,Fodé Ballo-Touré,sn SEN,DF,Milan,24,1997,10,5,446,5.0,0,0,0,0,0,2,0,0.00,0.00,0.00,0.00,0.00,0.3,0.3,0.2,0.5,0.05,0.04,0.09,0.05,0.09,Matches,f449640d
38,Filippo Bandinelli,it ITA,MF,Empoli,26,1995,35,24,1955,21.7,2,3,2,0,0,10,0,0.09,0.14,0.23,0.09,0.23,2.9,2.9,4.1,7.0,0.13,0.19,0.32,0.13,0.32,Matches,d44360be
39,Mattia Bani,it ITA,DF,Genoa,27,1993,17,13,1211,13.5,0,0,0,0,0,1,0,0.00,0.00,0.00,0.00,0.00,1.2,1.2,0.1,1.3,0.09,0.01,0.10,0.09,0.10,Matches,0821331c
40,Antonín Barák,cz CZE,MFFW,Hellas Verona,26,1994,29,27,2340,26.0,11,4,7,4,4,4,0,0.42,0.15,0.58,0.27,0.42,9.8,6.7,3.5,10.2,0.38,0.13,0.51,0.26,0.39,Matches,01efac19
41,Francesco Bardi,it ITA,GK,Bologna,29,1992,2,2,177,2.0,0,0,0,0,0,0,0,0.00,0.00,0.00,0.00,0.00,0.0,0.0,0.0,0.0,0.00,0.00,0.00,0.00,0.00,Matches,0acda699
42,Nicolò Barella,it ITA,MF,Inter,24,1997,36,36,2913,32.4,3,11,3,0,0,9,0,0.09,0.34,0.43,0.09,0.43,5.6,5.6,9.0,14.7,0.17,0.28,0.45,0.17,0.45,Matches,6928979a
43,Musa Barrow,gm GAM,FWMF,Bologna,22,1998,34,25,2134,23.7,6,6,6,0,0,0,0,0.25,0.25,0.51,0.25,0.51,6.3,6.3,4.5,10.8,0.26,0.19,0.45,0.26,0.45,Matches,e5bf73f3
44,Daniele Baselli,it ITA,MFFW,Torino,29,1992,6,0,150,1.7,0,0,0,0,0,0,0,0.00,0.00,0.00,0.00,0.00,0.4,0.4,0.0,0.4,0.23,0.01,0.24,0.23,0.24,Matches,ea06dd97
45,Daniele Baselli,it ITA,MF,Cagliari,29,1992,9,2,290,3.2,0,1,0,0,0,1,0,0.00,0.31,0.31,0.00,0.31,0.6,0.6,0.8,1.3,0.18,0.24,0.42,0.18,0.42,Matches,ea06dd97
46,Toma Bašić,hr CRO,MF,Lazio,24,1996,29,9,982,10.9,0,2,0,0,0,3,0,0.00,0.18,0.18,0.00,0.18,1.8,1.8,1.0,2.8,0.16,0.09,0.26,0.16,0.26,Matches,80556f08
47,Alessandro Bastoni,it ITA,DF,Inter,22,1999,31,29,2311,25.7,1,2,1,0,0,4,0,0.04,0.08,0.12,0.04,0.12,0.4,0.4,1.6,2.0,0.01,0.06,0.08,0.01,0.08,Matches,75b86fb3
48,Simone Bastoni,it ITA,MFDF,Spezia,24,1996,31,26,2288,25.4,3,3,3,0,0,5,1,0.12,0.12,0.24,0.12,0.24,1.6,1.6,4.7,6.3,0.06,0.19,0.25,0.06,0.25,Matches,1ac232b8
49,Rodrigo Becão,br BRA,DF,Udinese,25,1996,35,35,3130,34.8,2,1,2,0,0,10,0,0.06,0.03,0.09,0.06,0.09,1.9,1.9,0.7,2.6,0.05,0.02,0.07,0.05,0.07,Matches,19e4eab9
50,Valon Behrami,ch SUI,MFFW,Genoa,36,1985,10,2,311,3.5,0,0,0,0,0,3,0,0.00,0.00,0.00,0.00,0.00,0.0,0.0,0.1,0.2,0.01,0.03,0.05,0.01,0.05,Matches,d3d758d8
51,Vid Belec,si SVN,GK,Salernitana,31,1990,23,21,1938,21.5,0,0,0,0,0,1,0,0.00,0.00,0.00,0.00,0.00,0.0,0.0,0.0,0.0,0.00,0.00,0.00,0.00,0.00,Matches,4f8ce0e1
52,Raoul Bellanova,it ITA,DFFW,Cagliari,21,2000,31,27,2496,27.7,1,2,1,0,0,3,0,0.04,0.07,0.11,0.04,0.11,2.0,2.0,3.6,5.7,0.07,0.13,0.20,0.07,0.20,Matches,e3756e72
53,Andrea Belotti,it ITA,FW,Torino,27,1993,22,16,1371,15.2,8,1,5,3,3,1,0,0.53,0.07,0.59,0.33,0.39,8.3,6.0,0.9,6.9,0.55,0.06,0.60,0.39,0.45,Matches,d705ba44
54,Marco Benassi,it ITA,DFMF,Fiorentina,26,1994,6,1,158,1.8,0,0,0,0,0,1,0,0.00,0.00,0.00,0.00,0.00,0.1,0.1,0.1,0.3,0.08,0.08,0.15,0.08,0.15,Matches,0000acda
55,Marco Benassi,it ITA,MF,Empoli,26,1994,12,3,382,4.2,0,0,0,0,0,1,0,0.00,0.00,0.00,0.00,0.00,0.9,0.9,0.4,1.3,0.21,0.10,0.31,0.21,0.31,Matches,0000acda
56,Filip Benković,hr CRO,DFFW,Udinese,24,1997,2,0,8,0.1,0,0,0,0,0,0,0,0.00,0.00,0.00,0.00,0.00,0.1,0.1,0.0,0.1,1.02,0.00,1.02,1.02,1.02,Matches,305a3820
57,Ismaël Bennacer,dz ALG,MF,Milan,23,1997,31,15,1525,16.9,2,1,2,0,0,7,0,0.12,0.06,0.18,0.12,0.18,0.9,0.9,1.6,2.5,0.05,0.09,0.15,0.05,0.15,Matches,db092d3b
58,Rodrigo Bentancur,uy URU,MF,Juventus,24,1997,19,13,1155,12.8,0,1,0,0,0,1,0,0.00,0.08,0.08,0.00,0.08,0.7,0.7,1.0,1.7,0.05,0.08,0.13,0.05,0.13,Matches,3b8674e6
59,Alessandro Berardi,it ITA,GK,Hellas Verona,30,1991,1,1,90,1.0,0,0,0,0,0,0,0,0.00,0.00,0.00,0.00,0.00,0.0,0.0,0.0,0.0,0.00,0.00,0.00,0.00,0.00,Matches,ec1f737d
60,Domenico Berardi,it ITA,FW,Sassuolo,26,1994,33,33,2819,31.3,15,14,9,6,6,9,0,0.48,0.45,0.93,0.29,0.73,13.2,8.5,9.9,18.4,0.42,0.32,0.74,0.27,0.59,Matches,53a0e358
61,Bartosz Bereszyński,pl POL,DF,Sampdoria,29,1992,35,35,2946,32.7,0,3,0,0,0,12,0,0.00,0.09,0.09,0.00,0.09,0.5,0.5,1.8,2.3,0.02,0.05,0.07,0.02,0.07,Matches,61b3978f
62,Etrit Berisha,al ALB,GK,Torino,32,1989,10,10,900,10.0,0,0,0,0,0,1,0,0.00,0.00,0.00,0.00,0.00,0.0,0.0,0.0,0.0,0.00,0.00,0.00,0.00,0.00,Matches,ee833569
63,Federico Bernardeschi,it ITA,MFFW,Juventus,27,1994,28,16,1475,16.4,1,3,1,0,0,5,0,0.06,0.18,0.24,0.06,0.24,1.9,1.9,2.0,3.9,0.11,0.12,0.24,0.11,0.24,Matches,ee93c1a9
64,Nicolò Bertola,it ITA,MFDF,Spezia,18,2003,2,0,35,0.4,0,0,0,0,0,0,0,0.00,0.00,0.00,0.00,0.00,0.0,0.0,0.0,0.0,0.03,0.00,0.03,0.03,0.03,Matches,04b40c58
65,Daniel Bessa,it ITA,MF,Hellas Verona,28,1993,24,5,768,8.5,1,1,1,0,0,5,1,0.12,0.12,0.23,0.12,0.23,0.4,0.4,0.8,1.2,0.05,0.09,0.14,0.05,0.14,Matches,88895312
66,Beto,gw GNB,FW,Udinese,23,1998,28,24,2173,24.1,11,0,11,0,0,1,0,0.46,0.00,0.46,0.46,0.46,13.1,13.1,2.2,15.3,0.54,0.09,0.63,0.54,0.63,Matches,ed5c0319
67,Luis Binks,eng ENG,DF,Bologna,19,2001,15,7,646,7.2,0,0,0,0,0,3,0,0.00,0.00,0.00,0.00,0.00,0.1,0.1,0.0,0.1,0.01,0.00,0.01,0.01,0.01,Matches,36e88fbc
68,Cristiano Biraghi,it ITA,DF,Fiorentina,28,1992,37,37,3153,35.0,4,1,3,1,2,5,1,0.11,0.03,0.14,0.09,0.11,3.7,2.2,7.2,9.3,0.11,0.20,0.31,0.06,0.27,Matches,9e1577aa
69,Davide Biraschi,it ITA,DF,Genoa,27,1994,14,11,930,10.3,0,0,0,0,0,4,0,0.00,0.00,0.00,0.00,0.00,0.1,0.1,0.6,0.7,0.01,0.06,0.07,0.01,0.07,Matches,64cd167d
70,Bjarki Bjarkason,is ISL,MF,Venezia,21,2000,1,0,3,0.0,0,0,0,0,0,0,0,0.00,0.00,0.00,0.00,0.00,0.0,0.0,0.0,0.0,0.00,0.00,0.00,0.00,0.00,Matches,f1d25de7
71,Jeremie Boga,ci CIV,FWMF,Atalanta,24,1997,15,7,764,8.5,0,0,0,0,0,0,0,0.00,0.00,0.00,0.00,0.00,1.3,1.3,1.7,3.0,0.16,0.20,0.35,0.16,0.35,Matches,fe012aca
72,Jeremie Boga,ci CIV,FWMF,Sassuolo,24,1997,12,8,670,7.4,0,2,0,0,0,0,0,0.00,0.27,0.27,0.00,0.27,1.3,1.3,0.9,2.2,0.17,0.12,0.29,0.17,0.29,Matches,fe012aca
73,Luka Bogdan,hr CRO,DF,Salernitana,25,1996,6,4,399,4.4,0,0,0,0,0,0,0,0.00,0.00,0.00,0.00,0.00,0.1,0.1,0.0,0.1,0.01,0.00,0.01,0.01,0.01,Matches,cb678320
74,Emil Bohinen,no NOR,MF,Salernitana,22,1999,11,8,699,7.8,0,1,0,0,0,5,0,0.00,0.13,0.13,0.00,0.13,0.2,0.2,0.6,0.7,0.02,0.07,0.09,0.02,0.09,Matches,c83c203f
75,Giacomo Bonaventura,it ITA,MF,Fiorentina,31,1989,31,28,2266,25.2,4,4,4,0,0,8,1,0.16,0.16,0.32,0.16,0.32,5.5,5.5,2.9,8.4,0.22,0.12,0.33,0.22,0.33,Matches,d995ed27
76,Federico Bonazzoli,it ITA,FWMF,Salernitana,24,1997,32,19,1866,20.7,10,0,8,2,2,6,0,0.48,0.00,0.48,0.39,0.39,8.8,7.2,1.3,8.6,0.42,0.06,0.49,0.35,0.41,Matches,bf57eaab
77,Kevin Bonifazi,it ITA,DF,Bologna,25,1996,22,14,1210,13.4,0,0,0,0,0,4,1,0.00,0.00,0.00,0.00,0.00,0.7,0.7,1.2,1.9,0.05,0.09,0.14,0.05,0.14,Matches,fb77bfef
78,Leonardo Bonucci,it ITA,DF,Juventus,34,1987,24,22,2005,22.3,5,0,2,3,3,1,0,0.22,0.00,0.22,0.09,0.09,5.0,2.7,1.0,3.7,0.23,0.04,0.27,0.12,0.16,Matches,52ec54d0
79,Mehdi Bourabia,ma MAR,MF,Spezia,29,1991,8,2,282,3.1,1,0,1,0,0,0,0,0.32,0.00,0.32,0.32,0.32,0.0,0.0,0.1,0.1,0.01,0.03,0.03,0.01,0.03,Matches,0d077b88
80,Edoardo Bove,it ITA,MFDF,Roma,19,2002,11,0,68,0.8,1,0,1,0,0,0,0,1.32,0.00,1.32,1.32,1.32,0.0,0.0,0.0,0.0,0.06,0.00,0.06,0.06,0.06,Matches,ae94a6c5
81,Josip Brekalo,hr CRO,MF,Torino,23,1998,32,26,2286,25.4,7,2,7,0,0,1,0,0.28,0.08,0.35,0.28,0.35,4.9,4.9,6.1,11.0,0.19,0.24,0.43,0.19,0.43,Matches,d4a2533d
82,Gleison Bremer,br BRA,DF,Torino,24,1997,33,33,2890,32.1,3,1,3,0,0,7,0,0.09,0.03,0.12,0.09,0.12,4.8,4.8,0.4,5.2,0.15,0.01,0.16,0.15,0.16,Matches,5fd5ed86
83,Marcelo Brozović,hr CRO,MF,Inter,28,1992,35,35,2937,32.6,2,1,2,0,0,7,0,0.06,0.03,0.09,0.06,0.09,1.6,1.6,2.2,3.8,0.05,0.07,0.12,0.05,0.12,Matches,33b8d077
84,Aleksander Buksa,pl POL,FW,Genoa,18,2003,4,0,63,0.7,0,0,0,0,0,0,0,0.00,0.00,0.00,0.00,0.00,0.0,0.0,0.0,0.0,0.00,0.00,0.00,0.00,0.00,Matches,59f2d958
85,Alessandro Buongiorno,it ITA,DF,Torino,22,1999,23,12,1181,13.1,0,1,0,0,0,5,0,0.00,0.08,0.08,0.00,0.08,0.7,0.7,0.6,1.3,0.05,0.05,0.10,0.05,0.10,Matches,4ae67f27
86,Gianluca Busio,us USA,MF,Venezia,19,2002,29,23,1950,21.7,1,1,1,0,0,8,0,0.05,0.05,0.09,0.05,0.09,1.2,1.2,1.6,2.7,0.05,0.07,0.13,0.05,0.13,Matches,4a0b7f07
87,Jovane Cabral,cv CPV,FW,Lazio,23,1998,3,2,190,2.1,1,0,1,0,0,0,0,0.47,0.00,0.47,0.47,0.47,1.2,1.2,0.1,1.2,0.57,0.03,0.59,0.57,0.59,Matches,e34e086c
88,Liberato Cacace,nz NZL,DF,Empoli,20,2000,10,5,466,5.2,0,0,0,0,0,1,0,0.00,0.00,0.00,0.00,0.00,0.0,0.0,0.0,0.1,0.01,0.01,0.02,0.01,0.02,Matches,dd86e8e4
89,Martín Cáceres,uy URU,DF,Cagliari,34,1987,14,9,832,9.2,1,1,1,0,0,3,1,0.11,0.11,0.22,0.11,0.22,0.3,0.3,0.8,1.1,0.04,0.08,0.12,0.04,0.12,Matches,e94d79e3
90,Felipe Caicedo,ec ECU,FW,Genoa,32,1988,9,1,284,3.2,1,2,1,0,0,1,0,0.32,0.63,0.95,0.32,0.95,1.4,1.4,1.0,2.5,0.45,0.33,0.78,0.45,0.78,Matches,93b891d1
91,Felipe Caicedo,ec ECU,FWDF,Inter,32,1988,3,0,23,0.3,0,0,0,0,0,0,0,0.00,0.00,0.00,0.00,0.00,0.0,0.0,0.1,0.1,0.00,0.52,0.52,0.00,0.52,Matches,93b891d1
92,Davide Calabria,it ITA,DF,Milan,24,1996,26,24,2119,23.5,2,2,2,0,0,2,0,0.08,0.08,0.17,0.08,0.17,3.9,3.9,2.0,5.9,0.17,0.08,0.25,0.17,0.25,Matches,2146785a
93,Riccardo Calafiori,it ITA,DF,Genoa,19,2002,3,1,82,0.9,0,0,0,0,0,1,0,0.00,0.00,0.00,0.00,0.00,0.0,0.0,0.0,0.0,0.03,0.00,0.03,0.03,0.03,Matches,aded8e6f
94,Riccardo Calafiori,it ITA,DF,Roma,19,2002,6,2,174,1.9,0,1,0,0,0,2,0,0.00,0.52,0.52,0.00,0.52,0.0,0.0,0.6,0.6,0.00,0.32,0.32,0.00,0.32,Matches,aded8e6f
95,Mattia Caldara,it ITA,DF,Venezia,27,1994,31,30,2704,30.0,1,0,1,0,0,9,0,0.03,0.00,0.03,0.03,0.03,1.9,1.9,0.1,2.0,0.06,0.00,0.07,0.06,0.07,Matches,ac7e640b
96,Hakan Çalhanoğlu,tr TUR,MF,Inter,27,1994,34,33,2480,27.6,7,12,4,3,3,11,0,0.25,0.44,0.69,0.15,0.58,6.5,4.0,9.7,13.7,0.24,0.35,0.59,0.14,0.50,Matches,cd0fa27b
97,José Callejón,es ESP,FW,Fiorentina,34,1987,30,16,1298,14.4,1,2,1,0,0,0,0,0.07,0.14,0.21,0.07,0.21,1.9,1.9,2.8,4.7,0.13,0.19,0.32,0.13,0.32,Matches,78841da9
98,Andrea Cambiaso,it ITA,DF,Genoa,21,2000,26,21,1790,19.9,1,4,1,0,0,5,1,0.05,0.20,0.25,0.05,0.25,0.7,0.7,1.8,2.5,0.03,0.09,0.13,0.03,0.13,Matches,247ed022
99,Matteo Cancellieri,it ITA,MFDF,Hellas Verona,19,2002,12,1,227,2.5,1,0,1,0,0,1,0,0.40,0.00,0.40,0.40,0.40,0.2,0.2,0.2,0.5,0.08,0.10,0.18,0.08,0.18,Matches,b6a1cdf9
100,Antonio Candreva,it ITA,MFFW,Sampdoria,34,1987,36,36,3119,34.7,7,10,6,1,2,6,1,0.20,0.29,0.49,0.17,0.46,7.0,5.4,8.7,14.2,0.20,0.25,0.45,0.16,0.41,Matches,356c9002
101,Leonardo Capezzi,it ITA,MF,Salernitana,26,1995,5,2,175,1.9,0,0,0,0,0,0,0,0.00,0.00,0.00,0.00,0.00,0.0,0.0,0.0,0.0,0.00,0.00,0.00,0.00,0.00,Matches,07ea0ef2
102,Gianluca Caprari,it ITA,MFFW,Hellas Verona,28,1993,35,33,2739,30.4,12,7,10,2,2,4,0,0.39,0.23,0.62,0.33,0.56,8.1,6.5,7.6,14.1,0.27,0.25,0.52,0.21,0.46,Matches,54e53b7e
103,Francesco Caputo,it ITA,FW,Sampdoria,33,1987,36,31,2790,31.0,11,3,11,0,1,0,0,0.35,0.10,0.45,0.35,0.45,10.4,9.4,3.8,13.2,0.33,0.12,0.46,0.30,0.43,Matches,5bd72174
104,Francesco Caputo,it ITA,FW,Sassuolo,33,1987,2,2,156,1.7,0,1,0,0,0,1,0,0.00,0.58,0.58,0.00,0.58,0.8,0.8,0.4,1.2,0.46,0.24,0.70,0.46,0.70,Matches,5bd72174
105,Andrea Carboni,it ITA,DF,Cagliari,20,2001,30,25,2215,24.6,0,0,0,0,0,6,0,0.00,0.00,0.00,0.00,0.00,0.9,0.9,0.1,1.1,0.04,0.01,0.04,0.04,0.04,Matches,f7e2af2c
106,Nicolò Casale,it ITA,DF,Hellas Verona,23,1998,36,30,2586,28.7,0,1,0,0,0,10,0,0.00,0.03,0.03,0.00,0.03,0.8,0.8,1.1,1.9,0.03,0.04,0.07,0.03,0.07,Matches,3f5f38fb
107,Francesco Cassata,it ITA,MF,Genoa,24,1997,1,0,7,0.1,0,0,0,0,0,0,0,0.00,0.00,0.00,0.00,0.00,0.0,0.0,0.0,0.0,0.00,0.00,0.00,0.00,0.00,Matches,96960855
108,Samu Castillejo,es ESP,FWMF,Milan,26,1995,5,1,125,1.4,0,0,0,0,0,1,0,0.00,0.00,0.00,0.00,0.00,0.1,0.1,0.2,0.3,0.07,0.15,0.22,0.07,0.22,Matches,130a7a3f
109,Gaetano Castrovilli,it ITA,MF,Fiorentina,24,1997,23,16,1391,15.5,1,1,1,0,0,4,0,0.06,0.06,0.13,0.06,0.13,1.2,1.2,0.8,2.1,0.08,0.05,0.13,0.08,0.13,Matches,0728bebe
110,Danilo Cataldi,it ITA,MF,Lazio,26,1994,32,19,1707,19.0,1,2,1,0,0,8,0,0.05,0.11,0.16,0.05,0.16,0.5,0.5,3.9,4.4,0.03,0.21,0.23,0.03,0.23,Matches,ba3d3bea
111,Pietro Ceccaroni,it ITA,DF,Venezia,25,1995,35,35,3122,34.7,2,1,2,0,0,7,1,0.06,0.03,0.09,0.06,0.09,2.7,2.7,0.8,3.5,0.08,0.02,0.10,0.08,0.10,Matches,4d1efb48
112,Federico Ceccherini,it ITA,DF,Hellas Verona,29,1992,34,29,2358,26.2,1,0,1,0,0,12,1,0.04,0.00,0.04,0.04,0.04,2.0,2.0,0.7,2.7,0.08,0.03,0.10,0.08,0.10,Matches,d9624b51
113,Emil Ceide,no NOR,FWMF,Sassuolo,19,2001,6,0,53,0.6,0,0,0,0,0,0,0,0.00,0.00,0.00,0.00,0.00,0.0,0.0,0.0,0.0,0.00,0.00,0.00,0.00,0.00,Matches,98a84572
114,Luca Ceppitelli,it ITA,DF,Cagliari,31,1989,24,16,1445,16.1,1,1,1,0,0,3,0,0.06,0.06,0.12,0.06,0.12,0.5,0.5,0.4,0.9,0.03,0.02,0.06,0.03,0.06,Matches,7d50454d
115,Damir Ceter,co COL,FW,Cagliari,23,1997,1,0,6,0.1,0,0,0,0,0,0,0,0.00,0.00,0.00,0.00,0.00,0.0,0.0,0.0,0.0,0.00,0.00,0.00,0.00,0.00,Matches,eade5337
116,Julian Chabot,de GER,DF,Sampdoria,23,1998,11,4,490,5.4,0,0,0,0,0,5,0,0.00,0.00,0.00,0.00,0.00,0.1,0.1,0.0,0.1,0.01,0.00,0.01,0.01,0.01,Matches,ae7058f9
117,Giorgio Chiellini,it ITA,DF,Juventus,36,1984,21,16,1354,15.0,0,0,0,0,0,2,0,0.00,0.00,0.00,0.00,0.00,0.8,0.8,0.4,1.2,0.05,0.02,0.08,0.05,0.08,Matches,e85fb9b8
118,Federico Chiesa,it ITA,MFFW,Juventus,23,1997,14,11,863,9.6,2,2,2,0,0,0,0,0.21,0.21,0.42,0.21,0.42,2.8,2.8,1.3,4.1,0.29,0.14,0.42,0.29,0.42,Matches,b0f7e36c
119,Vlad Chiricheș,ro ROU,DF,Sassuolo,31,1989,29,27,2300,25.6,0,0,0,0,0,4,0,0.00,0.00,0.00,0.00,0.00,0.7,0.7,0.0,0.7,0.03,0.00,0.03,0.03,0.03,Matches,c316607a
120,Riccardo Ciervo,it ITA,MFDF,Sampdoria,19,2002,10,1,227,2.5,0,1,0,0,0,0,0,0.00,0.40,0.40,0.00,0.40,0.1,0.1,0.2,0.4,0.06,0.09,0.14,0.06,0.14,Matches,da77b60b
121,Moustapha Cissé,gn GUI,FW,Atalanta,17,2003,3,0,38,0.4,1,0,1,0,0,0,0,2.37,0.00,2.37,2.37,2.37,0.6,0.6,0.0,0.6,1.36,0.00,1.36,1.36,1.36,Matches,ee3c4b3f
122,Giorgio Cittadini,it ITA,DF,Atalanta,19,2002,2,0,4,0.0,0,0,0,0,0,0,0,0.00,0.00,0.00,0.00,0.00,0.0,0.0,0.0,0.0,0.00,0.00,0.00,0.00,0.00,Matches,e4ba67f2
123,Ebrima Colley,gm GAM,FWMF,Spezia,21,2000,11,3,394,4.4,0,0,0,0,0,1,0,0.00,0.00,0.00,0.00,0.00,1.0,1.0,1.2,2.2,0.24,0.27,0.51,0.24,0.51,Matches,bf356094
124,Omar Colley,gm GAM,DF,Sampdoria,28,1992,32,31,2745,30.5,0,0,0,0,0,6,1,0.00,0.00,0.00,0.00,0.00,1.3,1.3,0.0,1.3,0.04,0.00,0.04,0.04,0.04,Matches,8b95acda
125,Andrea Consigli,it ITA,GK,Sassuolo,34,1987,37,37,3322,36.9,0,0,0,0,0,2,0,0.00,0.00,0.00,0.00,0.00,0.0,0.0,0.0,0.0,0.00,0.00,0.00,0.00,0.00,Matches,8cabdc1e
126,Andrea Conti,it ITA,DFMF,Sampdoria,27,1994,7,2,234,2.6,1,0,1,0,0,1,0,0.38,0.00,0.38,0.38,0.38,0.4,0.4,0.0,0.4,0.17,0.00,0.17,0.17,0.17,Matches,8fef5412
127,Andrea Conti,it ITA,DF,Milan,27,1994,1,0,13,0.1,0,0,0,0,0,0,0,0.00,0.00,0.00,0.00,0.00,0.0,0.0,0.0,0.0,0.00,0.00,0.00,0.00,0.00,Matches,8fef5412
128,Diego Coppola,it ITA,DF,Hellas Verona,17,2003,4,3,249,2.8,0,0,0,0,0,0,0,0.00,0.00,0.00,0.00,0.00,0.1,0.1,0.0,0.1,0.04,0.00,0.04,0.04,0.04,Matches,22ae86f9
129,Joaquín Correa,ar ARG,FW,Inter,26,1994,26,12,1025,11.4,6,1,6,0,0,2,0,0.53,0.09,0.61,0.53,0.61,5.6,5.6,2.4,7.9,0.49,0.21,0.70,0.49,0.70,Matches,45b9b619
130,Lassana Coulibaly,ml MLI,MF,Salernitana,25,1996,31,29,2332,25.9,0,0,0,0,0,3,0,0.00,0.00,0.00,0.00,0.00,1.1,1.1,0.4,1.6,0.04,0.02,0.06,0.04,0.06,Matches,85a44ecc
131,Mamadou Coulibaly,sn SEN,MF,Salernitana,22,1999,12,9,808,9.0,2,0,2,0,0,1,0,0.22,0.00,0.22,0.22,0.22,1.1,1.1,0.2,1.3,0.13,0.02,0.15,0.13,0.15,Matches,c976160c
132,Alessio Cragno,it ITA,GK,Cagliari,27,1994,35,35,3150,35.0,0,0,0,0,0,3,0,0.00,0.00,0.00,0.00,0.00,0.0,0.0,0.0,0.0,0.00,0.00,0.00,0.00,0.00,Matches,f554e29b
133,Domenico Criscito,it ITA,DF,Genoa,34,1986,20,18,1618,18.0,6,1,0,6,7,4,0,0.33,0.06,0.39,0.00,0.06,6.0,0.5,1.1,1.6,0.33,0.06,0.40,0.03,0.09,Matches,35dd6d80
134,Bryan Cristante,it ITA,MF,Roma,26,1995,34,29,2678,29.8,2,0,2,0,0,9,0,0.07,0.00,0.07,0.07,0.07,3.0,3.0,2.8,5.8,0.10,0.09,0.19,0.10,0.19,Matches,16657b95
135,Domen Črnigoj,si SVN,MF,Venezia,25,1995,34,22,1881,20.9,3,1,3,0,0,3,0,0.14,0.05,0.19,0.14,0.19,2.5,2.5,1.2,3.7,0.12,0.06,0.18,0.12,0.18,Matches,22cd43d2
136,Giovanni Crociata,it ITA,FW,Empoli,23,1997,1,0,15,0.2,0,0,0,0,0,0,0,0.00,0.00,0.00,0.00,0.00,0.1,0.1,0.0,0.1,0.71,0.00,0.71,0.71,0.71,Matches,8c964914
137,Juan Cuadrado,co COL,DFMF,Juventus,33,1988,33,28,2487,27.6,4,3,4,0,0,9,0,0.14,0.11,0.25,0.14,0.25,2.4,2.4,6.0,8.4,0.09,0.22,0.30,0.09,0.30,Matches,0ab1f153
138,Mickaël Cuisance,fr FRA,MF,Venezia,21,1999,13,13,918,10.2,0,0,0,0,0,2,0,0.00,0.00,0.00,0.00,0.00,0.6,0.6,1.2,1.8,0.06,0.12,0.18,0.06,0.18,Matches,5722eced
139,Patrick Cutrone,it ITA,FW,Empoli,23,1998,28,15,1401,15.6,3,0,3,0,0,1,0,0.19,0.00,0.19,0.19,0.19,4.4,4.4,1.1,5.5,0.29,0.07,0.36,0.29,0.36,Matches,a4fe8cda
140,Danilo D'Ambrosio,it ITA,DF,Inter,32,1988,20,9,1000,11.1,1,1,1,0,0,2,0,0.09,0.09,0.18,0.09,0.18,2.0,2.0,0.1,2.1,0.18,0.01,0.19,0.18,0.19,Matches,44eb9093
141,Mikkel Damsgaard,dk DEN,MFFW,Sampdoria,21,2000,11,6,578,6.4,0,0,0,0,0,1,0,0.00,0.00,0.00,0.00,0.00,0.6,0.6,0.7,1.4,0.09,0.12,0.21,0.09,0.21,Matches,215f3907
142,Danilo,br BRA,DFMF,Juventus,30,1991,22,22,1893,21.0,1,2,1,0,0,6,0,0.05,0.10,0.14,0.05,0.14,0.9,0.9,1.2,2.1,0.04,0.06,0.10,0.04,0.10,Matches,94b2001f
143,Ebrima Darboe,gm GAM,MF,Roma,20,2001,1,1,63,0.7,0,0,0,0,0,0,0,0.00,0.00,0.00,0.00,0.00,0.1,0.1,0.0,0.1,0.12,0.00,0.12,0.12,0.12,Matches,cf043a33
144,Matteo Darmian,it ITA,DF,Inter,31,1989,25,18,1507,16.7,2,1,2,0,0,4,0,0.12,0.06,0.18,0.12,0.18,0.8,0.8,2.1,2.9,0.05,0.13,0.17,0.05,0.17,Matches,96e0490d
145,Paweł Dawidowicz,pl POL,DF,Hellas Verona,26,1995,17,13,1198,13.3,0,0,0,0,0,3,0,0.00,0.00,0.00,0.00,0.00,0.5,0.5,0.4,0.9,0.04,0.03,0.07,0.04,0.07,Matches,16bb656a
146,Sebastien De Maio,fr FRA,DF,Udinese,34,1987,2,2,180,2.0,0,0,0,0,0,0,0,0.00,0.00,0.00,0.00,0.00,0.0,0.0,0.1,0.1,0.00,0.06,0.06,0.00,0.06,Matches,952a03fe
147,Tommaso De Nipoti,it ITA,FW,Atalanta,18,2003,1,0,6,0.1,0,0,0,0,0,0,0,0.00,0.00,0.00,0.00,0.00,0.0,0.0,0.0,0.0,0.00,0.00,0.00,0.00,0.00,Matches,7f9d956a
148,Mattia De Sciglio,it ITA,DF,Juventus,28,1992,20,13,1168,13.0,1,2,1,0,0,2,1,0.08,0.15,0.23,0.08,0.23,0.2,0.2,2.6,2.8,0.02,0.20,0.22,0.02,0.22,Matches,ae4e2852
149,Lorenzo De Silvestri,it ITA,DF,Bologna,33,1988,31,27,2294,25.5,3,2,3,0,0,7,0,0.12,0.08,0.20,0.12,0.20,1.9,1.9,2.1,4.0,0.07,0.08,0.16,0.07,0.16,Matches,e74f0e59
150,Grégoire Defrel,mq MTQ,FW,Sassuolo,30,1991,38,11,1362,15.1,2,2,2,0,0,3,0,0.13,0.13,0.26,0.13,0.26,4.2,4.2,2.3,6.5,0.28,0.15,0.43,0.28,0.43,Matches,854ee61a
151,Alessandro Deiola,it ITA,MF,Cagliari,25,1995,33,28,2129,23.7,4,1,4,0,0,5,0,0.17,0.04,0.21,0.17,0.21,3.0,3.0,1.4,4.4,0.13,0.06,0.18,0.13,0.18,Matches,7f267d66
152,Filippo Delli Carri,it ITA,DF,Salernitana,22,1999,5,3,334,3.7,0,0,0,0,0,1,0,0.00,0.00,0.00,0.00,0.00,0.3,0.3,0.2,0.5,0.08,0.06,0.15,0.08,0.15,Matches,d2e8fd9b
153,Merih Demiral,tr TUR,DF,Atalanta,23,1998,28,22,1917,21.3,1,2,1,0,0,8,0,0.05,0.09,0.14,0.05,0.14,3.0,3.0,0.6,3.6,0.14,0.03,0.17,0.14,0.17,Matches,e3cceee6
154,Diego Demme,de GER,MF,Napoli,29,1991,19,7,692,7.7,1,0,1,0,0,4,0,0.13,0.00,0.13,0.13,0.13,0.5,0.5,0.5,1.0,0.07,0.06,0.13,0.07,0.13,Matches,dc3fa3b5
155,Fabio Depaoli,it ITA,DF,Hellas Verona,24,1997,18,7,703,7.8,1,1,1,0,0,3,0,0.13,0.13,0.26,0.13,0.26,1.0,1.0,0.7,1.7,0.13,0.10,0.22,0.13,0.22,Matches,d97f2e8d
156,Fabio Depaoli,it ITA,MFDF,Sampdoria,24,1997,6,1,112,1.2,0,0,0,0,0,1,0,0.00,0.00,0.00,0.00,0.00,0.0,0.0,0.0,0.0,0.00,0.00,0.00,0.00,0.00,Matches,d97f2e8d
157,Mattia Destro,it ITA,FW,Genoa,30,1991,27,21,1744,19.4,9,1,9,0,0,4,0,0.46,0.05,0.52,0.46,0.52,7.9,7.9,1.3,9.2,0.41,0.07,0.48,0.41,0.48,Matches,d7d32194
158,Gerard Deulofeu,es ESP,FWMF,Udinese,27,1994,34,31,2616,29.1,13,5,12,1,1,9,0,0.45,0.17,0.62,0.41,0.58,8.6,7.8,8.7,16.5,0.30,0.30,0.59,0.27,0.57,Matches,39583cfd
159,Jacopo Dezi,it ITA,MF,Venezia,29,1992,1,0,16,0.2,0,0,0,0,0,0,0,0.00,0.00,0.00,0.00,0.00,0.0,0.0,0.0,0.1,0.20,0.19,0.39,0.20,0.39,Matches,e921b9db
160,Samuel Di Carmine,it ITA,FW,Hellas Verona,32,1988,1,0,36,0.4,0,0,0,0,0,1,0,0.00,0.00,0.00,0.00,0.00,0.1,0.1,0.0,0.1,0.16,0.00,0.16,0.16,0.16,Matches,ef94dc2f
161,Federico Di Francesco,it ITA,FWMF,Empoli,27,1994,26,17,1367,15.2,5,0,5,0,0,2,0,0.33,0.00,0.33,0.33,0.33,2.4,2.4,1.3,3.7,0.16,0.08,0.24,0.16,0.24,Matches,1fca9171
162,Giovanni Di Lorenzo,it ITA,DF,Napoli,27,1993,33,33,2869,31.9,1,4,1,0,0,3,0,0.03,0.13,0.16,0.03,0.16,1.5,1.5,3.3,4.9,0.05,0.10,0.15,0.05,0.15,Matches,230a2fac
163,Francesco Di Mariano,it ITA,FW,Venezia,25,1996,1,1,62,0.7,0,0,0,0,0,0,0,0.00,0.00,0.00,0.00,0.00,0.0,0.0,0.1,0.1,0.00,0.09,0.09,0.00,0.09,Matches,35a2557c
164,Francesco Di Tacchio,it ITA,MF,Salernitana,31,1990,18,14,1255,13.9,0,0,0,0,0,3,0,0.00,0.00,0.00,0.00,0.00,0.6,0.6,0.3,0.9,0.04,0.02,0.06,0.04,0.06,Matches,b5c3ff9f
165,Amadou Diawara,gn GUI,MF,Roma,24,1997,4,2,170,1.9,0,0,0,0,0,0,0,0.00,0.00,0.00,0.00,0.00,0.0,0.0,0.1,0.1,0.02,0.03,0.05,0.02,0.05,Matches,bf309d24
166,Brahim Díaz,es ESP,MF,Milan,21,1999,31,25,1855,20.6,3,3,3,0,0,4,0,0.15,0.15,0.29,0.15,0.29,4.4,4.4,3.2,7.6,0.21,0.15,0.37,0.21,0.37,Matches,407feb71
167,Mitchell Dijks,nl NED,DFFW,Bologna,28,1993,16,7,694,7.7,0,2,0,0,0,2,0,0.00,0.26,0.26,0.00,0.26,0.5,0.5,1.2,1.7,0.07,0.16,0.23,0.07,0.23,Matches,0a3065c8
168,Federico Dimarco,it ITA,DF,Inter,23,1997,32,13,1430,15.9,2,3,2,0,1,1,0,0.13,0.19,0.31,0.13,0.31,4.1,3.3,6.0,9.3,0.26,0.38,0.64,0.21,0.59,Matches,970b8574
169,Filippo Distefano,it ITA,FW,Fiorentina,17,2003,1,0,2,0.0,0,0,0,0,0,0,0,0.00,0.00,0.00,0.00,0.00,0.0,0.0,0.0,0.0,0.00,0.00,0.00,0.00,0.00,Matches,2110f96c
170,Koffi Djidji,ci CIV,DF,Torino,28,1992,25,21,1735,19.3,0,0,0,0,0,6,1,0.00,0.00,0.00,0.00,0.00,0.7,0.7,0.1,0.8,0.04,0.00,0.04,0.04,0.04,Matches,933d3b51
171,Berat Djimsiti,al ALB,DF,Atalanta,28,1993,31,25,2256,25.1,1,1,1,0,0,6,0,0.04,0.04,0.08,0.04,0.08,2.4,2.4,1.8,4.2,0.09,0.07,0.17,0.09,0.17,Matches,6eee05f1
172,Nicolás Domínguez,ar ARG,MF,Bologna,23,1998,28,23,2015,22.4,0,3,0,0,0,8,0,0.00,0.13,0.13,0.00,0.13,1.3,1.3,2.4,3.7,0.06,0.11,0.17,0.06,0.17,Matches,20b3a502
173,Bartłomiej Drągowski,pl POL,GK,Fiorentina,23,1997,7,7,556,6.2,0,0,0,0,0,0,1,0.00,0.00,0.00,0.00,0.00,0.0,0.0,0.0,0.0,0.00,0.00,0.00,0.00,0.00,Matches,085e71a7
174,Radu Drăgușin,ro ROU,DF,Sampdoria,19,2002,13,4,620,6.9,0,0,0,0,0,1,0,0.00,0.00,0.00,0.00,0.00,0.3,0.3,0.2,0.5,0.05,0.03,0.07,0.05,0.07,Matches,620922ed
175,Radu Drăgușin,ro ROU,DF,Salernitana,19,2002,7,5,488,5.4,0,0,0,0,0,1,0,0.00,0.00,0.00,0.00,0.00,0.0,0.0,0.0,0.0,0.00,0.01,0.01,0.00,0.01,Matches,620922ed
176,Denzel Dumfries,nl NED,DF,Inter,25,1996,33,21,2028,22.5,5,4,5,0,0,3,0,0.22,0.18,0.40,0.22,0.40,6.1,6.1,4.3,10.4,0.27,0.19,0.46,0.27,0.46,Matches,481c9ece
177,Alfred Duncan,gh GHA,MF,Fiorentina,28,1993,33,21,1931,21.5,2,2,2,0,0,3,0,0.09,0.09,0.19,0.09,0.19,1.1,1.1,2.7,3.7,0.05,0.12,0.17,0.05,0.17,Matches,528492ea
178,Paulo Dybala,ar ARG,FWMF,Juventus,27,1993,29,26,2061,22.9,10,5,9,1,2,3,0,0.44,0.22,0.66,0.39,0.61,8.0,6.5,5.0,11.4,0.35,0.22,0.57,0.28,0.50,Matches,e0921a4f
179,Edin Džeko,ba BIH,FW,Inter,35,1986,36,27,2469,27.4,13,6,13,0,0,2,0,0.47,0.22,0.69,0.47,0.69,14.9,14.9,4.8,19.7,0.54,0.18,0.72,0.54,0.72,Matches,3bb7f478
180,Tyronne Ebuehi,ng NGA,DF,Venezia,25,1995,19,12,1138,12.6,0,0,0,0,0,1,1,0.00,0.00,0.00,0.00,0.00,0.8,0.8,0.5,1.3,0.06,0.04,0.10,0.06,0.10,Matches,6af30900
181,Éderson,br BRA,MF,Salernitana,22,1999,15,13,1147,12.7,2,1,2,0,0,5,0,0.16,0.08,0.24,0.16,0.24,2.3,2.3,0.9,3.2,0.18,0.07,0.25,0.18,0.25,Matches,a9202def
182,Albin Ekdal,se SWE,MF,Sampdoria,32,1989,26,19,1637,18.2,1,0,1,0,0,11,1,0.05,0.00,0.05,0.05,0.05,1.3,1.3,0.4,1.7,0.07,0.02,0.09,0.07,0.09,Matches,f503ea63
183,Caleb Ekuban,gh GHA,FWMF,Genoa,27,1994,30,18,1716,19.1,1,2,1,0,0,2,0,0.05,0.10,0.16,0.05,0.16,4.1,4.1,2.4,6.4,0.21,0.12,0.34,0.21,0.34,Matches,7afbd2c3
184,Elif Elmas,mk MKD,FWMF,Napoli,21,1999,37,12,1620,18.0,3,4,3,0,0,3,0,0.17,0.22,0.39,0.17,0.39,2.9,2.9,2.5,5.4,0.16,0.14,0.30,0.16,0.30,Matches,cf007308
185,Martin Erlic,hr CRO,DF,Spezia,23,1998,30,30,2576,28.6,2,0,2,0,0,5,0,0.07,0.00,0.07,0.07,0.07,2.9,2.9,0.3,3.2,0.10,0.01,0.11,0.10,0.11,Matches,0fee6bda
186,Gonzalo Escalante,ar ARG,MF,Lazio,28,1993,1,0,9,0.1,0,0,0,0,0,0,0,0.00,0.00,0.00,0.00,0.00,0.0,0.0,0.0,0.0,0.00,0.00,0.00,0.00,0.00,Matches,3f79a1c8
187,Diego Falcinelli,it ITA,FW,Bologna,30,1991,6,0,66,0.7,0,0,0,0,0,0,0,0.00,0.00,0.00,0.00,0.00,0.5,0.5,0.0,0.5,0.71,0.00,0.71,0.71,0.71,Matches,a39b9ef6
188,Wladimiro Falcone,it ITA,GK,Sampdoria,26,1995,10,9,855,9.5,0,0,0,0,0,2,0,0.00,0.00,0.00,0.00,0.00,0.0,0.0,0.0,0.0,0.00,0.00,0.00,0.00,0.00,Matches,9f5a610b
189,Paolo Faragò,it ITA,MF,Cagliari,28,1993,1,0,16,0.2,0,0,0,0,0,0,0,0.00,0.00,0.00,0.00,0.00,0.3,0.3,0.0,0.3,1.57,0.00,1.57,1.57,1.57,Matches,9085dd7c
190,Davide Faraoni,it ITA,DF,Hellas Verona,29,1991,32,30,2572,28.6,4,5,4,0,0,8,1,0.14,0.17,0.31,0.14,0.31,3.2,3.2,2.9,6.1,0.11,0.10,0.21,0.11,0.21,Matches,aae9d04a
191,Mohamed Fares,dz ALG,DFFW,Genoa,25,1996,9,6,587,6.5,2,1,2,0,0,2,0,0.31,0.15,0.46,0.31,0.46,1.3,1.3,0.6,1.9,0.19,0.09,0.28,0.19,0.28,Matches,b7a5bc86
192,Diego Farias,br BRA,MFFW,Cagliari,31,1990,4,0,66,0.7,0,0,0,0,0,0,0,0.00,0.00,0.00,0.00,0.00,0.0,0.0,0.0,0.0,0.06,0.00,0.06,0.06,0.06,Matches,157d29b6
193,Andrea Favilli,it ITA,FW,Genoa,24,1997,1,0,36,0.4,0,0,0,0,0,0,0,0.00,0.00,0.00,0.00,0.00,0.0,0.0,0.0,0.0,0.00,0.00,0.00,0.00,0.00,Matches,44510fde
194,Federico Fazio,ar ARG,DF,Salernitana,34,1987,16,16,1434,15.9,1,0,1,0,0,3,1,0.06,0.00,0.06,0.06,0.06,1.6,1.6,0.5,2.1,0.10,0.03,0.13,0.10,0.13,Matches,4e358a2d
195,Luiz Felipe,it ITA,DF,Lazio,24,1997,31,28,2491,27.7,0,0,0,0,0,9,1,0.00,0.00,0.00,0.00,0.00,0.4,0.4,0.2,0.7,0.02,0.01,0.02,0.02,0.02,Matches,15d0c248
196,Alex Ferrari,it ITA,DF,Sampdoria,27,1994,23,20,1643,18.3,1,0,1,0,0,4,0,0.05,0.00,0.05,0.05,0.05,0.5,0.5,0.1,0.6,0.03,0.00,0.03,0.03,0.03,Matches,d0dbca9f
197,Salvador Ferrer,es ESP,DFMF,Spezia,23,1998,27,14,1495,16.6,0,3,0,0,0,3,0,0.00,0.18,0.18,0.00,0.18,0.3,0.3,1.5,1.8,0.02,0.09,0.11,0.02,0.11,Matches,eb76987d
198,Riccardo Fiamozzi,it ITA,DF,Empoli,28,1993,10,7,620,6.9,0,1,0,0,0,1,0,0.00,0.15,0.15,0.00,0.15,0.0,0.0,0.5,0.5,0.00,0.07,0.07,0.00,0.07,Matches,9f9b9269
199,Luca Fiordilino,it ITA,MF,Venezia,25,1996,15,5,661,7.3,0,0,0,0,0,2,0,0.00,0.00,0.00,0.00,0.00,0.3,0.3,0.5,0.7,0.04,0.06,0.10,0.04,0.10,Matches,9bb1ad91
200,Vincenzo Fiorillo,it ITA,GK,Salernitana,31,1990,1,1,90,1.0,0,0,0,0,0,0,0,0.00,0.00,0.00,0.00,0.00,0.0,0.0,0.0,0.0,0.00,0.00,0.00,0.00,0.00,Matches,a2565f79
201,Alessandro Florenzi,it ITA,DFFW,Milan,30,1991,24,12,1152,12.8,2,0,2,0,0,2,0,0.16,0.00,0.16,0.16,0.16,0.8,0.8,0.9,1.7,0.07,0.07,0.13,0.07,0.13,Matches,e288d4b3
202,Fernando Forestieri,it ITA,FWMF,Udinese,31,1990,4,0,58,0.6,2,1,2,0,0,1,0,3.10,1.55,4.66,3.10,4.66,1.2,1.2,0.1,1.3,1.91,0.11,2.02,1.91,2.02,Matches,d60c26fc
203,Francesco Forte,it ITA,FW,Venezia,28,1993,12,4,422,4.7,1,0,1,0,0,3,0,0.21,0.00,0.21,0.21,0.21,1.2,1.2,0.9,2.1,0.27,0.19,0.46,0.27,0.46,Matches,69e11a01
204,Gianluca Frabotta,it ITA,DFMF,Hellas Verona,22,1999,2,0,20,0.2,0,0,0,0,0,0,0,0.00,0.00,0.00,0.00,0.00,0.0,0.0,0.0,0.0,0.00,0.00,0.00,0.00,0.00,Matches,d80b1835
205,Davide Frattesi,it ITA,MF,Sassuolo,21,1999,36,35,2854,31.7,4,3,4,0,0,6,0,0.13,0.09,0.22,0.13,0.22,6.6,6.6,3.7,10.3,0.21,0.12,0.33,0.21,0.33,Matches,2a7d27c1
206,Morten Frendrup,dk DEN,DFMF,Genoa,20,2001,10,6,695,7.7,0,0,0,0,0,1,0,0.00,0.00,0.00,0.00,0.00,0.6,0.6,0.5,1.0,0.07,0.06,0.13,0.07,0.13,Matches,f4d60499
207,Remo Freuler,ch SUI,MF,Atalanta,29,1992,29,28,2369,26.3,1,3,1,0,0,10,0,0.04,0.11,0.15,0.04,0.15,1.5,1.5,1.6,3.2,0.06,0.06,0.12,0.06,0.12,Matches,98d2c2c4
208,Matteo Gabbia,it ITA,DF,Milan,21,1999,8,6,537,6.0,0,0,0,0,0,3,0,0.00,0.00,0.00,0.00,0.00,0.1,0.1,0.1,0.2,0.01,0.02,0.03,0.01,0.03,Matches,c235e803
209,Manolo Gabbiadini,it ITA,FWMF,Sampdoria,29,1991,18,15,1140,12.7,6,2,6,0,0,3,0,0.47,0.16,0.63,0.47,0.63,4.5,4.5,2.3,6.8,0.36,0.18,0.54,0.36,0.54,Matches,8f866fe8
210,Gianluca Gaetano,it ITA,MF,Napoli,21,2000,2,0,20,0.2,0,0,0,0,0,0,0,0.00,0.00,0.00,0.00,0.00,0.0,0.0,0.0,0.0,0.00,0.00,0.00,0.00,0.00,Matches,3b387cc7
211,Luca Gagliano,it ITA,FWDF,Cagliari,21,2000,2,0,13,0.1,0,0,0,0,0,0,0,0.00,0.00,0.00,0.00,0.00,0.0,0.0,0.0,0.0,0.00,0.00,0.00,0.00,0.00,Matches,1d00a56c
212,Roberto Gagliardini,it ITA,MF,Inter,27,1994,18,6,649,7.2,2,2,2,0,0,2,0,0.28,0.28,0.55,0.28,0.55,1.0,1.0,1.3,2.3,0.14,0.18,0.33,0.14,0.33,Matches,ce30bfc8
213,Riccardo Gagliolo,se SWE,DF,Salernitana,31,1990,17,12,1138,12.6,0,1,0,0,0,2,0,0.00,0.08,0.08,0.00,0.08,0.5,0.5,0.3,0.8,0.04,0.03,0.06,0.04,0.06,Matches,173061c0
214,Nicolas Galazzi,it ITA,MF,Venezia,20,2000,1,0,16,0.2,0,0,0,0,0,0,0,0.00,0.00,0.00,0.00,0.00,0.0,0.0,0.0,0.0,0.00,0.00,0.00,0.00,0.00,Matches,a796492f
215,Pablo Galdames Millán,cl CHI,MF,Genoa,24,1996,19,11,1028,11.4,0,0,0,0,0,2,0,0.00,0.00,0.00,0.00,0.00,0.6,0.6,1.1,1.8,0.06,0.10,0.16,0.06,0.16,Matches,dd403465
216,Luca Gemello,it ITA,GK,Torino,21,2000,1,1,90,1.0,0,0,0,0,0,0,0,0.00,0.00,0.00,0.00,0.00,0.0,0.0,0.0,0.0,0.00,0.00,0.00,0.00,0.00,Matches,53e494ec
217,Paolo Ghiglione,it ITA,DF,Genoa,24,1997,13,6,603,6.7,0,1,0,0,0,3,0,0.00,0.15,0.15,0.00,0.15,0.8,0.8,1.0,1.9,0.13,0.15,0.28,0.13,0.28,Matches,71dc23da
218,Faouzi Ghoulam,dz ALG,DF,Napoli,30,1991,14,3,332,3.7,0,0,0,0,0,1,0,0.00,0.00,0.00,0.00,0.00,0.1,0.1,0.5,0.6,0.03,0.14,0.17,0.03,0.17,Matches,c5adc293
219,Sebastian Giovinco,it ITA,MF,Sampdoria,34,1987,2,0,39,0.4,0,0,0,0,0,0,0,0.00,0.00,0.00,0.00,0.00,0.0,0.0,0.0,0.0,0.08,0.00,0.08,0.08,0.08,Matches,2b7c18ae
220,Olivier Giroud,fr FRA,FW,Milan,34,1986,29,22,1892,21.0,11,3,9,2,2,4,0,0.52,0.14,0.67,0.43,0.57,11.6,10.0,3.0,13.1,0.55,0.14,0.69,0.48,0.62,Matches,16ceb862
221,Diego Godín,uy URU,DF,Cagliari,35,1986,11,9,818,9.1,0,1,0,0,0,3,0,0.00,0.11,0.11,0.00,0.11,0.5,0.5,0.2,0.7,0.06,0.03,0.08,0.06,0.08,Matches,fc4f85b1
222,Edoardo Goldaniga,it ITA,DF,Cagliari,27,1993,11,11,934,10.4,0,0,0,0,0,3,0,0.00,0.00,0.00,0.00,0.00,0.5,0.5,0.2,0.7,0.05,0.02,0.06,0.05,0.06,Matches,4b029b31
223,Edoardo Goldaniga,it ITA,DFMF,Sassuolo,27,1993,1,0,1,0.0,0,0,0,0,0,0,0,0.00,0.00,0.00,0.00,0.00,0.0,0.0,0.0,0.0,0.00,0.00,0.00,0.00,0.00,Matches,4b029b31
224,Cedric Gondo,ci CIV,FW,Salernitana,24,1996,14,10,699,7.8,1,0,1,0,0,1,0,0.13,0.00,0.13,0.13,0.13,1.7,1.7,0.6,2.3,0.22,0.07,0.29,0.22,0.29,Matches,ff37d2ef
225,Nicolás González,ar ARG,FW,Fiorentina,23,1998,33,26,2357,26.2,7,6,4,3,3,4,1,0.27,0.23,0.50,0.15,0.38,10.4,8.0,4.9,12.9,0.40,0.19,0.58,0.31,0.49,Matches,2374aaca
226,Robin Gosens,de GER,DF,Atalanta,27,1994,6,5,460,5.1,1,0,1,0,0,2,0,0.20,0.00,0.20,0.20,0.20,2.0,2.0,0.5,2.5,0.38,0.10,0.48,0.38,0.48,Matches,2d970560
227,Robin Gosens,de GER,DF,Inter,27,1994,7,0,169,1.9,0,1,0,0,0,1,0,0.00,0.53,0.53,0.00,0.53,0.3,0.3,0.5,0.8,0.13,0.28,0.41,0.13,0.41,Matches,2d970560
228,Alberto Grassi,it ITA,MF,Cagliari,26,1995,30,26,2174,24.2,0,1,0,0,0,6,1,0.00,0.04,0.04,0.00,0.04,1.3,1.3,1.8,3.1,0.06,0.07,0.13,0.06,0.13,Matches,6cc97b6a
229,Koray Günter,de GER,DF,Hellas Verona,26,1994,30,29,2411,26.8,0,0,0,0,0,10,0,0.00,0.00,0.00,0.00,0.00,0.4,0.4,0.8,1.2,0.02,0.03,0.04,0.02,0.04,Matches,f1f1f238
230,Albert Guðmundsson,is ISL,FWMF,Genoa,24,1997,12,6,607,6.7,1,0,1,0,0,3,0,0.15,0.00,0.15,0.15,0.15,1.2,1.2,1.2,2.4,0.18,0.18,0.36,0.18,0.36,Matches,b79858d5
231,Emmanuel Gyasi,gh GHA,FWMF,Spezia,27,1994,36,35,3035,33.7,6,0,6,0,0,10,0,0.18,0.00,0.18,0.18,0.18,5.7,5.7,1.4,7.1,0.17,0.04,0.21,0.17,0.21,Matches,f9758dae
232,Norbert Gyömbér,sk SVK,DF,Salernitana,29,1992,31,30,2563,28.5,0,0,0,0,0,9,0,0.00,0.00,0.00,0.00,0.00,0.7,0.7,0.8,1.4,0.02,0.03,0.05,0.02,0.05,Matches,0be276c6
233,Nicolas Haas,ch SUI,MF,Empoli,25,1996,16,11,1001,11.1,0,2,0,0,0,3,0,0.00,0.18,0.18,0.00,0.18,0.6,0.6,1.1,1.7,0.05,0.10,0.15,0.05,0.15,Matches,fa449bba
234,Samir Handanović,si SVN,GK,Inter,37,1984,37,37,3330,37.0,0,0,0,0,0,1,0,0.00,0.00,0.00,0.00,0.00,0.0,0.0,0.0,0.0,0.00,0.00,0.00,0.00,0.00,Matches,74419746
235,Ridgeciano Haps,sr SUR,DF,Venezia,28,1993,25,24,2056,22.8,1,1,1,0,0,6,0,0.04,0.04,0.09,0.04,0.09,0.6,0.6,0.5,1.2,0.03,0.02,0.05,0.03,0.05,Matches,c8d7131c
236,Abdou Harroui,nl NED,MF,Sassuolo,23,1998,22,3,452,5.0,0,0,0,0,0,2,0,0.00,0.00,0.00,0.00,0.00,0.6,0.6,0.3,0.9,0.13,0.06,0.19,0.13,0.19,Matches,65fd099c
237,Hans Hateboer,nl NED,DFMF,Atalanta,27,1994,21,16,1386,15.4,0,0,0,0,0,2,0,0.00,0.00,0.00,0.00,0.00,1.9,1.9,1.0,2.9,0.12,0.06,0.19,0.12,0.19,Matches,3b333ac3
238,Silvan Hefti,ch SUI,DF,Genoa,23,1997,16,14,1288,14.3,0,0,0,0,0,1,0,0.00,0.00,0.00,0.00,0.00,0.3,0.3,0.9,1.1,0.02,0.06,0.08,0.02,0.08,Matches,f8342731
239,Liam Henderson,sct SCO,MF,Empoli,25,1996,38,23,2020,22.4,2,3,2,0,0,4,0,0.09,0.13,0.22,0.09,0.22,3.4,3.4,3.3,6.7,0.15,0.14,0.30,0.15,0.30,Matches,d7918b13
240,Dalbert Henrique,br BRA,DFMF,Cagliari,27,1993,28,27,2081,23.1,0,2,0,0,0,9,0,0.00,0.09,0.09,0.00,0.09,1.2,1.2,2.7,3.9,0.05,0.12,0.17,0.05,0.17,Matches,f45f9427
241,Matheus Henrique,br BRA,MF,Sassuolo,23,1997,25,10,1078,12.0,0,1,0,0,0,3,0,0.00,0.08,0.08,0.00,0.08,0.4,0.4,1.3,1.7,0.03,0.11,0.14,0.03,0.14,Matches,a2d9f138
242,Thomas Henry,fr FRA,FW,Venezia,26,1994,33,23,2115,23.5,9,2,9,0,0,6,1,0.38,0.09,0.47,0.38,0.47,7.5,7.5,3.7,11.2,0.32,0.16,0.47,0.32,0.47,Matches,9ef42479
243,Theo Hernández,fr FRA,DF,Milan,23,1997,32,30,2711,30.1,5,5,4,1,2,7,2,0.17,0.17,0.33,0.13,0.30,4.8,3.9,6.9,10.8,0.16,0.23,0.39,0.13,0.36,Matches,d4c9725f
244,Hernani,br BRA,MFFW,Genoa,27,1994,18,7,682,7.6,0,0,0,0,0,0,0,0.00,0.00,0.00,0.00,0.00,0.8,0.8,0.2,1.0,0.10,0.03,0.13,0.10,0.13,Matches,6f5ead86
245,Daan Heymans,be BEL,MFFW,Venezia,22,1999,7,2,256,2.8,0,1,0,0,0,4,0,0.00,0.35,0.35,0.00,0.35,0.1,0.1,0.3,0.4,0.04,0.11,0.16,0.04,0.16,Matches,6d70c771
246,Aaron Hickey,sct SCO,DF,Bologna,19,2002,36,34,2820,31.3,5,1,5,0,0,7,0,0.16,0.03,0.19,0.16,0.19,1.4,1.4,1.6,3.0,0.04,0.05,0.09,0.04,0.09,Matches,1780bb4a
247,Martin Hongla,cm CMR,MF,Hellas Verona,23,1998,18,7,651,7.2,1,0,1,0,0,3,0,0.14,0.00,0.14,0.14,0.14,1.2,1.2,0.2,1.5,0.17,0.03,0.20,0.17,0.20,Matches,b85bf253
248,Sydney van Hooijdonk,nl NED,FWMF,Bologna,21,2000,4,0,38,0.4,0,0,0,0,0,0,0,0.00,0.00,0.00,0.00,0.00,0.0,0.0,0.0,0.0,0.00,0.00,0.00,0.00,0.00,Matches,5b418e15
249,Petko Hristov,bg BUL,DF,Spezia,22,1999,17,13,1248,13.9,1,1,1,0,0,3,0,0.07,0.07,0.14,0.07,0.14,0.2,0.2,0.6,0.8,0.02,0.04,0.06,0.02,0.06,Matches,d8800a46
250,Elseid Hysaj,al ALB,DF,Lazio,27,1994,29,24,2027,22.5,1,0,1,0,0,3,0,0.04,0.00,0.04,0.04,0.04,0.7,0.7,0.9,1.6,0.03,0.04,0.07,0.03,0.07,Matches,2f3452eb
251,Roger Ibanez,br BRA,DF,Roma,22,1998,34,32,2889,32.1,3,0,3,0,0,9,0,0.09,0.00,0.09,0.09,0.09,2.5,2.5,0.6,3.1,0.08,0.02,0.10,0.08,0.10,Matches,82efe6fa
252,Zlatan Ibrahimović,se SWE,FW,Milan,39,1981,23,11,1016,11.3,8,2,8,0,1,2,0,0.71,0.18,0.89,0.71,0.89,7.3,6.6,2.6,9.1,0.65,0.23,0.88,0.58,0.81,Matches,4cde5509
253,Igor,br BRA,DF,Fiorentina,23,1998,30,23,2242,24.9,0,0,0,0,0,3,0,0.00,0.00,0.00,0.00,0.00,0.5,0.5,0.9,1.3,0.02,0.03,0.05,0.02,0.05,Matches,a4e85758
254,Jonathan Ikone,fr FRA,FW,Fiorentina,23,1998,17,7,649,7.2,1,1,1,0,0,1,0,0.14,0.14,0.28,0.14,0.28,2.1,2.1,1.5,3.7,0.30,0.21,0.51,0.30,0.51,Matches,42eaa028
255,Ivan Ilić,rs SRB,MF,Hellas Verona,20,2001,32,30,2526,28.1,1,3,1,0,0,5,1,0.04,0.11,0.14,0.04,0.14,2.5,2.5,1.8,4.3,0.09,0.06,0.15,0.09,0.15,Matches,bb376bed
256,Josip Iličić,si SVN,MFFW,Atalanta,33,1988,20,8,841,9.3,3,3,3,0,1,1,0,0.32,0.32,0.64,0.32,0.64,3.5,2.8,4.0,6.8,0.38,0.43,0.81,0.30,0.73,Matches,68252d6d
257,Ciro Immobile,it ITA,FW,Lazio,31,1990,31,31,2711,30.1,27,2,20,7,9,4,0,0.90,0.07,0.96,0.66,0.73,23.0,15.8,3.5,19.3,0.76,0.12,0.88,0.53,0.64,Matches,4431aed2
258,Lorenzo Insigne,it ITA,FW,Napoli,30,1991,32,28,2290,25.4,11,8,2,9,13,2,0,0.43,0.31,0.75,0.08,0.39,15.4,5.7,6.6,12.3,0.60,0.26,0.87,0.22,0.48,Matches,2f557579
259,Ardian Ismajli,al ALB,DF,Empoli,24,1996,20,13,1272,14.1,0,0,0,0,0,7,0,0.00,0.00,0.00,0.00,0.00,0.3,0.3,0.1,0.5,0.02,0.01,0.03,0.02,0.03,Matches,6b635f5c
260,Armando Izzo,it ITA,DF,Torino,29,1992,11,6,526,5.8,0,0,0,0,0,4,0,0.00,0.00,0.00,0.00,0.00,0.7,0.7,0.0,0.7,0.11,0.00,0.11,0.11,0.11,Matches,89976232
261,Mato Jajalo,ba BIH,MF,Udinese,33,1988,22,6,629,7.0,0,1,0,0,0,2,0,0.00,0.14,0.14,0.00,0.14,0.4,0.4,1.0,1.4,0.06,0.14,0.20,0.06,0.20,Matches,8c65eb5f
262,Paweł Jaroszyński,pl POL,DF,Salernitana,26,1994,13,4,516,5.7,0,0,0,0,0,2,0,0.00,0.00,0.00,0.00,0.00,0.2,0.2,0.7,0.8,0.03,0.11,0.14,0.03,0.14,Matches,958a601f
263,Juan Jesus,br BRA,DF,Napoli,30,1991,21,14,1278,14.2,1,0,1,0,0,1,0,0.07,0.00,0.07,0.07,0.07,0.4,0.4,0.5,1.0,0.03,0.04,0.07,0.03,0.07,Matches,79083382
264,Dennis Johnsen,no NOR,FWMF,Venezia,23,1998,26,17,1445,16.1,1,2,1,0,0,2,0,0.06,0.12,0.19,0.06,0.19,2.2,2.2,2.7,4.9,0.13,0.17,0.30,0.13,0.30,Matches,66784dee
265,Kaio Jorge,br BRA,MFFW,Juventus,19,2002,9,0,121,1.3,0,0,0,0,0,0,0,0.00,0.00,0.00,0.00,0.00,0.8,0.8,0.3,1.1,0.62,0.23,0.85,0.62,0.85,Matches,0cf465f2
266,Flavio Junior Bianchi,it ITA,FWMF,Genoa,21,2000,7,4,314,3.5,1,0,1,0,0,0,0,0.29,0.00,0.29,0.29,0.29,0.8,0.8,0.2,1.0,0.23,0.05,0.28,0.23,0.28,Matches,3ef965c1
267,Hamed Junior Traorè,ci CIV,FWMF,Sassuolo,21,2000,31,21,1775,19.7,7,2,7,0,0,3,0,0.35,0.10,0.46,0.35,0.46,6.5,6.5,3.7,10.2,0.33,0.19,0.52,0.33,0.52,Matches,570bb4b9
268,Nikola Kalinić,hr CRO,FW,Hellas Verona,33,1988,14,4,406,4.5,4,1,4,0,0,5,1,0.89,0.22,1.11,0.89,1.11,3.3,3.3,1.0,4.4,0.74,0.23,0.97,0.74,0.97,Matches,d4931a5a
269,Yayah Kallon,sl SLE,FWMF,Genoa,20,2001,15,5,636,7.1,0,1,0,0,0,3,0,0.00,0.14,0.14,0.00,0.14,1.5,1.5,1.4,2.9,0.21,0.20,0.42,0.21,0.42,Matches,f95f49d2
270,Pierre Kalulu,fr FRA,DF,Milan,21,2000,28,21,1944,21.6,1,2,1,0,0,4,0,0.05,0.09,0.14,0.05,0.14,0.5,0.5,0.5,1.0,0.02,0.02,0.05,0.02,0.05,Matches,85f7d1be
271,Dimitrije Kamenović,rs SRB,DF,Lazio,21,2000,1,0,45,0.5,0,0,0,0,0,0,0,0.00,0.00,0.00,0.00,0.00,0.6,0.6,0.0,0.6,1.25,0.00,1.25,1.25,1.25,Matches,d3e0c826
272,Rick Karsdorp,nl NED,DFFW,Roma,26,1995,36,32,2883,32.0,0,2,0,0,0,9,1,0.00,0.06,0.06,0.00,0.06,0.0,0.0,5.3,5.3,0.00,0.16,0.17,0.00,0.17,Matches,9f84febe
273,Denso Kasius,nl NED,DFFW,Bologna,18,2002,7,1,180,2.0,0,0,0,0,0,0,0,0.00,0.00,0.00,0.00,0.00,0.2,0.2,0.7,0.9,0.08,0.35,0.43,0.08,0.43,Matches,7ae36711
274,Grigoris Kastanos,cy CYP,MFFW,Salernitana,23,1998,27,16,1348,15.0,1,1,1,0,0,4,1,0.07,0.07,0.13,0.07,0.13,1.7,1.7,2.1,3.8,0.12,0.14,0.26,0.12,0.26,Matches,2a82aa85
275,Moise Kean,it ITA,FW,Juventus,21,2000,32,12,1098,12.2,5,2,5,0,0,5,0,0.41,0.16,0.57,0.41,0.57,5.1,5.1,0.3,5.4,0.42,0.02,0.44,0.42,0.44,Matches,3d50bcdb
276,Wajdi Kechrida,tn TUN,DFMF,Salernitana,25,1995,17,10,952,10.6,0,1,0,0,0,0,0,0.00,0.09,0.09,0.00,0.09,0.3,0.3,0.8,1.2,0.03,0.08,0.11,0.03,0.11,Matches,11962fe7
277,Dimitrios Keramitsis,gr GRE,MF,Roma,17,2004,1,0,1,0.0,0,0,0,0,0,0,0,0.00,0.00,0.00,0.00,0.00,0.0,0.0,0.0,0.0,0.00,0.00,0.00,0.00,0.00,Matches,6f30a1d5
278,Franck Kessié,ci CIV,MF,Milan,24,1996,31,25,2308,25.6,6,0,4,2,3,2,0,0.23,0.00,0.23,0.16,0.16,5.0,2.6,2.2,4.8,0.19,0.09,0.28,0.10,0.19,Matches,05e19d6a
279,Jakub Kiwior,pl POL,MF,Spezia,21,2000,22,21,1964,21.8,0,0,0,0,0,6,0,0.00,0.00,0.00,0.00,0.00,0.5,0.5,1.0,1.4,0.02,0.04,0.07,0.02,0.07,Matches,dc3e663e
280,Sofian Kiyine,ma MAR,MFFW,Venezia,23,1997,26,14,1239,13.8,1,0,1,0,1,8,1,0.07,0.00,0.07,0.07,0.07,1.7,0.8,2.7,3.5,0.13,0.19,0.32,0.06,0.25,Matches,ce1806be
281,Simon Kjær,dk DEN,DF,Milan,32,1989,11,10,802,8.9,0,0,0,0,0,2,0,0.00,0.00,0.00,0.00,0.00,0.6,0.6,0.4,1.0,0.07,0.04,0.11,0.07,0.11,Matches,8b8a56ce
282,Aleksandr Kokorin,ru RUS,FWMF,Fiorentina,30,1991,6,0,55,0.6,0,0,0,0,0,1,0,0.00,0.00,0.00,0.00,0.00,0.0,0.0,0.0,0.0,0.00,0.00,0.00,0.00,0.00,Matches,fec5accc
283,Aleksandar Kolarov,rs SRB,DF,Inter,35,1985,3,0,42,0.5,0,0,0,0,0,0,0,0.00,0.00,0.00,0.00,0.00,0.0,0.0,0.0,0.0,0.02,0.00,0.02,0.02,0.02,Matches,eda40760
284,Teun Koopmeiners,nl NED,MF,Atalanta,23,1998,30,23,2126,23.6,4,1,4,0,0,4,0,0.17,0.04,0.21,0.17,0.21,2.1,2.1,5.4,7.5,0.09,0.23,0.32,0.09,0.32,Matches,a26fb8aa
285,Kalidou Koulibaly,sn SEN,DF,Napoli,30,1991,27,27,2405,26.7,3,1,3,0,0,5,1,0.11,0.04,0.15,0.11,0.15,1.4,1.4,1.5,2.9,0.05,0.06,0.11,0.05,0.11,Matches,da974c7b
286,Christos Kourfalidis,gr GRE,MFFW,Cagliari,18,2002,2,0,18,0.2,0,0,0,0,0,0,0,0.00,0.00,0.00,0.00,0.00,0.1,0.1,0.0,0.1,0.37,0.00,0.37,0.37,0.37,Matches,5c522c88
287,Viktor Kovalenko,ua UKR,MF,Spezia,25,1996,26,16,1325,14.7,1,3,1,0,0,4,0,0.07,0.20,0.27,0.07,0.27,0.3,0.3,1.9,2.2,0.02,0.13,0.15,0.02,0.15,Matches,9d60028d
288,Julian Kristoffersen,no NOR,FW,Salernitana,24,1997,1,0,7,0.1,0,0,0,0,0,0,0,0.00,0.00,0.00,0.00,0.00,0.0,0.0,0.0,0.0,0.40,0.00,0.40,0.40,0.40,Matches,b804c280
289,Rade Krunić,ba BIH,MFFW,Milan,27,1993,28,15,1416,15.7,0,1,0,0,0,2,0,0.00,0.06,0.06,0.00,0.06,0.9,0.9,2.4,3.3,0.06,0.16,0.21,0.06,0.21,Matches,817c6964
290,Dejan Kulusevski,se SWE,FWMF,Juventus,21,2000,20,5,772,8.6,1,3,1,0,0,1,0,0.12,0.35,0.47,0.12,0.47,2.1,2.1,1.5,3.6,0.25,0.18,0.42,0.25,0.42,Matches,df3cda47
291,Marash Kumbulla,al ALB,DF,Roma,21,2000,17,13,1025,11.4,0,0,0,0,0,6,0,0.00,0.00,0.00,0.00,0.00,0.9,0.9,0.1,1.0,0.08,0.01,0.09,0.08,0.09,Matches,a40819d9
292,Giorgos Kyriakopoulos,gr GRE,DFFW,Sassuolo,25,1996,29,22,1975,21.9,0,5,0,0,0,6,1,0.00,0.23,0.23,0.00,0.23,1.4,1.4,4.1,5.5,0.07,0.19,0.25,0.07,0.25,Matches,0a483542
293,Andrea La Mantia,it ITA,FWMF,Empoli,30,1991,18,3,488,5.4,2,0,2,0,0,0,0,0.37,0.00,0.37,0.37,0.37,1.8,1.8,0.7,2.5,0.34,0.13,0.47,0.34,0.47,Matches,c375dfa5
294,Sam Lammers,nl NED,FWMF,Atalanta,24,1997,2,0,38,0.4,0,0,0,0,0,0,0,0.00,0.00,0.00,0.00,0.00,0.0,0.0,0.0,0.0,0.00,0.00,0.00,0.00,0.00,Matches,c283ddef
295,Kevin Lasagna,it ITA,MFFW,Hellas Verona,28,1992,28,11,1184,13.2,2,4,2,0,0,1,0,0.15,0.30,0.46,0.15,0.46,4.2,4.2,1.9,6.2,0.32,0.15,0.47,0.32,0.47,Matches,09538fdb
296,Darko Lazović,rs SRB,DF,Hellas Verona,30,1990,34,32,2766,30.7,1,7,1,0,0,2,0,0.03,0.23,0.26,0.03,0.26,4.2,4.2,6.1,10.3,0.14,0.20,0.34,0.14,0.34,Matches,5128bde4
297,Manuel Lazzari,it ITA,DF,Lazio,27,1993,31,16,1665,18.5,3,3,3,0,0,3,0,0.16,0.16,0.32,0.16,0.32,1.1,1.1,1.8,2.9,0.06,0.10,0.16,0.06,0.16,Matches,02caf6e0
298,Patrick Leal,us USA,FW,Venezia,18,2003,1,0,2,0.0,0,0,0,0,0,0,0,0.00,0.00,0.00,0.00,0.00,0.0,0.0,0.0,0.0,0.00,0.00,0.00,0.00,0.00,Matches,d97ec0d1
299,Rafael Leão,pt POR,FW,Milan,22,1999,34,31,2605,28.9,11,10,11,0,0,4,0,0.38,0.35,0.73,0.38,0.73,10.6,10.6,6.8,17.4,0.36,0.24,0.60,0.36,0.60,Matches,20730eae
300,Lucas Leiva,br BRA,MF,Lazio,34,1987,35,19,1697,18.9,0,0,0,0,0,9,0,0.00,0.00,0.00,0.00,0.00,0.1,0.1,0.4,0.5,0.01,0.02,0.03,0.01,0.03,Matches,4c78b5ed
301,Luca Lezzerini,it ITA,GK,Venezia,26,1995,6,6,495,5.5,0,0,0,0,0,2,0,0.00,0.00,0.00,0.00,0.00,0.0,0.0,0.0,0.0,0.00,0.00,0.00,0.00,0.00,Matches,c9c32262
302,Ben Lhassine Kone,ci CIV,MF,Torino,21,2000,1,0,81,0.9,0,0,0,0,0,0,0,0.00,0.00,0.00,0.00,0.00,0.0,0.0,0.1,0.1,0.00,0.16,0.16,0.00,0.16,Matches,7452c7a8
303,Matthijs de Ligt,nl NED,DF,Juventus,21,1999,31,29,2674,29.7,3,1,3,0,0,4,1,0.10,0.03,0.13,0.10,0.13,1.9,1.9,1.2,3.1,0.06,0.04,0.11,0.06,0.11,Matches,d6e53a3a
304,Anderson Lima,br BRA,MF,Lazio,21,1999,4,0,65,0.7,0,0,0,0,0,1,0,0.00,0.00,0.00,0.00,0.00,0.1,0.1,0.0,0.1,0.14,0.00,0.14,0.14,0.14,Matches,59be3a74
305,Karol Linetty,pl POL,MFFW,Torino,26,1995,16,11,896,10.0,0,0,0,0,0,2,0,0.00,0.00,0.00,0.00,0.00,1.0,1.0,1.9,2.9,0.10,0.20,0.30,0.10,0.30,Matches,d023d70f
306,Stanislav Lobotka,sk SVK,MF,Napoli,26,1994,23,19,1686,18.7,1,0,1,0,0,2,0,0.05,0.00,0.05,0.05,0.05,0.1,0.1,1.2,1.3,0.01,0.06,0.07,0.01,0.07,Matches,e1cbb531
307,Manuel Locatelli,it ITA,MF,Juventus,23,1998,31,23,2160,24.0,3,3,3,0,0,6,0,0.12,0.12,0.25,0.12,0.25,2.5,2.5,2.0,4.5,0.11,0.08,0.19,0.11,0.19,Matches,a8a874f1
308,Maxime Lopez,fr FRA,MF,Sassuolo,23,1997,35,33,2938,32.6,2,1,2,0,0,14,0,0.06,0.03,0.09,0.06,0.09,1.2,1.2,3.4,4.6,0.04,0.10,0.14,0.04,0.14,Matches,20094685
309,Matteo Lovato,it ITA,DF,Atalanta,21,2000,6,3,305,3.4,0,0,0,0,0,1,0,0.00,0.00,0.00,0.00,0.00,0.1,0.1,0.2,0.3,0.03,0.07,0.10,0.03,0.10,Matches,5fa57166
310,Matteo Lovato,it ITA,DF,Cagliari,21,2000,16,14,1238,13.8,0,0,0,0,0,4,0,0.00,0.00,0.00,0.00,0.00,0.5,0.5,0.3,0.8,0.04,0.02,0.06,0.04,0.06,Matches,5fa57166
311,Hirving Lozano,mx MEX,FW,Napoli,26,1995,30,20,1613,17.9,5,5,5,0,0,3,0,0.28,0.28,0.56,0.28,0.56,7.0,6.8,2.5,9.3,0.39,0.14,0.53,0.38,0.52,Matches,a69e4806
312,José Luis Palomino,ar ARG,DF,Atalanta,31,1990,34,30,2672,29.7,1,0,1,0,0,9,0,0.03,0.00,0.03,0.03,0.03,2.3,2.3,0.3,2.6,0.08,0.01,0.09,0.08,0.09,Matches,921f6058
313,Saša Lukić,rs SRB,MF,Torino,24,1996,35,34,2982,33.1,5,4,2,3,3,10,0,0.15,0.12,0.27,0.06,0.18,5.2,2.8,4.5,7.3,0.16,0.13,0.29,0.09,0.22,Matches,c6e8cf1f
314,Sebastiano Luperto,it ITA,DF,Empoli,24,1996,24,22,1958,21.8,0,1,0,0,0,8,1,0.00,0.05,0.05,0.00,0.05,0.8,0.8,0.6,1.4,0.04,0.03,0.06,0.04,0.06,Matches,997fff07
315,Charalambos Lykogiannis,gr GRE,DFFW,Cagliari,27,1993,28,21,1817,20.2,1,0,1,0,0,2,0,0.05,0.00,0.05,0.05,0.05,1.4,1.4,1.1,2.5,0.07,0.06,0.13,0.07,0.13,Matches,5efc5389
316,Niki Mäenpää,fi FIN,GK,Venezia,36,1985,17,16,1485,16.5,0,1,0,0,0,1,0,0.00,0.06,0.06,0.00,0.06,0.0,0.0,0.5,0.5,0.00,0.03,0.03,0.00,0.03,Matches,14a96e1c
317,Giulio Maggiore,it ITA,MF,Spezia,23,1998,35,33,2819,31.3,2,3,2,0,0,9,0,0.06,0.10,0.16,0.06,0.16,4.4,4.3,2.8,7.1,0.14,0.09,0.23,0.14,0.23,Matches,957e4c87
318,Francesco Magnanelli,it ITA,MF,Sassuolo,36,1984,12,2,271,3.0,0,0,0,0,0,1,0,0.00,0.00,0.00,0.00,0.00,0.1,0.1,0.0,0.1,0.02,0.01,0.03,0.02,0.03,Matches,07767f42
319,Giangiacomo Magnani,it ITA,DF,Hellas Verona,25,1995,14,5,530,5.9,0,0,0,0,0,3,1,0.00,0.00,0.00,0.00,0.00,0.9,0.9,0.0,0.9,0.15,0.00,0.15,0.15,0.15,Matches,cce9f582
320,Giangiacomo Magnani,it ITA,DF,Sampdoria,25,1995,4,3,239,2.7,0,0,0,0,0,0,0,0.00,0.00,0.00,0.00,0.00,0.0,0.0,0.0,0.0,0.00,0.00,0.00,0.00,0.00,Matches,cce9f582
321,Mike Maignan,fr FRA,GK,Milan,26,1995,32,32,2880,32.0,0,1,0,0,0,1,0,0.00,0.03,0.03,0.00,0.03,0.0,0.0,0.3,0.3,0.00,0.01,0.01,0.00,0.01,Matches,fcb38f57
322,Ainsley Maitland-Niles,eng ENG,DF,Roma,23,1997,8,7,487,5.4,0,0,0,0,0,0,0,0.00,0.00,0.00,0.00,0.00,0.4,0.4,0.6,1.0,0.07,0.11,0.18,0.07,0.18,Matches,e3a5814e
323,Jean-Victor Makengo,fr FRA,MF,Udinese,23,1998,33,26,2351,26.1,1,3,1,0,0,7,1,0.04,0.11,0.15,0.04,0.15,3.0,3.0,2.6,5.6,0.11,0.10,0.21,0.11,0.21,Matches,22bfb57e
324,Nikola Maksimović,rs SRB,DF,Genoa,29,1991,14,13,1115,12.4,0,0,0,0,0,2,0,0.00,0.00,0.00,0.00,0.00,0.3,0.3,0.1,0.4,0.02,0.01,0.03,0.02,0.03,Matches,16b9d5cf
325,Kévin Malcuit,ma MAR,DFMF,Napoli,30,1991,8,2,288,3.2,0,1,0,0,0,3,0,0.00,0.31,0.31,0.00,0.31,0.0,0.0,0.2,0.3,0.01,0.07,0.08,0.01,0.08,Matches,d6a889ea
326,Daniel Maldini,it ITA,MF,Milan,19,2001,8,2,148,1.6,1,0,1,0,0,1,0,0.61,0.00,0.61,0.61,0.61,0.3,0.3,0.1,0.4,0.21,0.05,0.26,0.21,0.26,Matches,801831fe
327,Youssef Maleh,it ITA,MF,Fiorentina,22,1998,28,11,1019,11.3,2,2,2,0,0,5,0,0.18,0.18,0.35,0.18,0.35,2.7,2.7,1.9,4.6,0.24,0.17,0.41,0.24,0.41,Matches,4c8845f7
328,Ruslan Malinovskyi,ua UKR,MFFW,Atalanta,28,1993,30,19,1592,17.7,6,5,6,0,0,10,0,0.34,0.28,0.62,0.34,0.62,3.8,3.8,6.7,10.6,0.22,0.38,0.60,0.22,0.60,Matches,48d5bd33
329,Rey Manaj,al ALB,FW,Spezia,24,1997,30,19,1768,19.6,5,0,3,2,3,9,0,0.25,0.00,0.25,0.15,0.15,7.9,5.5,1.4,6.9,0.40,0.07,0.47,0.28,0.35,Matches,7703afb6
330,Gianluca Mancini,it ITA,DF,Roma,25,1996,33,33,2878,32.0,0,0,0,0,0,16,1,0.00,0.00,0.00,0.00,0.00,3.0,2.9,0.4,3.3,0.09,0.01,0.11,0.09,0.10,Matches,5aa53281
331,Leonardo Mancuso,it ITA,FW,Empoli,29,1992,8,5,425,4.7,1,0,1,0,0,0,0,0.21,0.00,0.21,0.21,0.21,1.9,1.9,0.3,2.3,0.41,0.07,0.48,0.41,0.48,Matches,311027cb
332,Rolando Mandragora,it ITA,MF,Torino,24,1997,21,16,1319,14.7,0,2,0,0,0,7,1,0.00,0.14,0.14,0.00,0.14,1.7,1.7,3.2,4.9,0.12,0.22,0.33,0.12,0.33,Matches,c7259b83
333,Kostas Manolas,gr GRE,DF,Napoli,30,1991,4,3,313,3.5,0,0,0,0,0,1,0,0.00,0.00,0.00,0.00,0.00,0.0,0.0,0.0,0.0,0.00,0.00,0.00,0.00,0.00,Matches,c707411f
334,Riccardo Marchizza,it ITA,DF,Empoli,23,1998,19,16,1346,15.0,0,1,0,0,0,4,0,0.00,0.07,0.07,0.00,0.07,0.4,0.4,1.5,1.9,0.03,0.10,0.13,0.03,0.13,Matches,91d0fabf
335,Gian Marco Ferrari,it ITA,DF,Sassuolo,29,1992,36,35,3124,34.7,1,0,1,0,0,6,1,0.03,0.00,0.03,0.03,0.03,2.3,2.3,0.7,3.0,0.07,0.02,0.09,0.07,0.09,Matches,8650af85
336,Davide Marfella,it ITA,GK,Napoli,21,1999,1,0,11,0.1,0,0,0,0,0,0,0,0.00,0.00,0.00,0.00,0.00,0.0,0.0,0.0,0.0,0.00,0.00,0.00,0.00,0.00,Matches,880fcdbb
337,Pablo Marí,es ESP,DF,Udinese,27,1993,15,15,1341,14.9,2,0,2,0,0,2,1,0.13,0.00,0.13,0.13,0.13,0.8,0.8,0.7,1.5,0.05,0.05,0.10,0.05,0.10,Matches,aa54ec6f
338,Răzvan Marin,ro ROU,MF,Cagliari,25,1996,36,31,2816,31.3,0,5,0,0,0,6,1,0.00,0.16,0.16,0.00,0.16,2.3,2.3,7.1,9.4,0.07,0.23,0.30,0.07,0.30,Matches,7fac99d4
339,Lautaro Martínez,ar ARG,FW,Inter,23,1997,35,28,2282,25.4,21,3,18,3,6,6,0,0.83,0.12,0.95,0.71,0.83,21.2,17.0,3.6,20.6,0.84,0.14,0.98,0.67,0.81,Matches,f7036e1c
340,Lucas Martínez Quarta,ar ARG,DF,Fiorentina,25,1996,20,16,1431,15.9,1,0,1,0,0,8,0,0.06,0.00,0.06,0.06,0.06,1.5,1.5,1.1,2.5,0.09,0.07,0.16,0.09,0.16,Matches,3ec3c1c9
341,Adam Marušić,me MNE,DF,Lazio,28,1992,33,30,2721,30.2,1,0,1,0,0,6,1,0.03,0.00,0.03,0.03,0.03,0.3,0.3,0.7,0.9,0.01,0.02,0.03,0.01,0.03,Matches,d4535821
342,Andrea Masiello,it ITA,DF,Genoa,35,1986,7,6,515,5.7,0,0,0,0,0,3,0,0.00,0.00,0.00,0.00,0.00,0.1,0.1,0.0,0.1,0.02,0.00,0.02,0.02,0.02,Matches,e0314d87
343,Aleš Matějů,cz CZE,DF,Venezia,25,1996,9,9,727,8.1,0,1,0,0,0,3,0,0.00,0.12,0.12,0.00,0.12,0.3,0.3,1.0,1.3,0.03,0.12,0.16,0.03,0.16,Matches,deb748c9
344,Borja Mayoral,es ESP,FWDF,Roma,24,1997,5,1,96,1.1,0,0,0,0,0,0,0,0.00,0.00,0.00,0.00,0.00,0.3,0.3,0.0,0.3,0.25,0.00,0.25,0.25,0.25,Matches,64e8ed6d
345,Pasquale Mazzocchi,it ITA,DF,Venezia,26,1995,18,15,1243,13.8,0,0,0,0,0,3,0,0.00,0.00,0.00,0.00,0.00,0.5,0.5,0.4,0.9,0.03,0.03,0.06,0.03,0.06,Matches,eb0ec070
346,Pasquale Mazzocchi,it ITA,DF,Salernitana,26,1995,15,15,1269,14.1,0,2,0,0,0,2,0,0.00,0.14,0.14,0.00,0.14,0.2,0.2,1.7,1.9,0.01,0.12,0.13,0.01,0.13,Matches,eb0ec070
347,Ibrahima Mbaye,sn SEN,DF,Bologna,26,1994,6,1,108,1.2,0,0,0,0,0,0,0,0.00,0.00,0.00,0.00,0.00,0.0,0.0,0.0,0.0,0.00,0.00,0.00,0.00,0.00,Matches,cfbf9881
348,Weston McKennie,us USA,MF,Juventus,22,1998,21,15,1369,15.2,3,0,3,0,0,1,0,0.20,0.00,0.20,0.20,0.20,2.3,2.3,1.5,3.8,0.15,0.10,0.25,0.15,0.25,Matches,01c3aff5
349,Gary Medel,cl CHI,DF,Bologna,33,1987,33,32,2823,31.4,0,1,0,0,0,10,1,0.00,0.03,0.03,0.00,0.03,0.2,0.2,0.4,0.6,0.01,0.01,0.02,0.01,0.02,Matches,563a68ad
350,Filippo Melegoni,it ITA,MFFW,Genoa,22,1999,25,10,980,10.9,1,0,1,0,0,1,0,0.09,0.00,0.09,0.09,0.09,0.9,0.9,1.4,2.3,0.08,0.13,0.21,0.08,0.21,Matches,6604165d
351,Arthur Melo,br BRA,MF,Juventus,24,1996,20,11,962,10.7,0,0,0,0,0,3,0,0.00,0.00,0.00,0.00,0.00,0.3,0.3,0.4,0.6,0.02,0.03,0.06,0.02,0.06,Matches,48b3dd60
352,Alex Meret,it ITA,GK,Napoli,24,1997,7,7,619,6.9,0,0,0,0,0,0,0,0.00,0.00,0.00,0.00,0.00,0.0,0.0,0.0,0.0,0.00,0.00,0.00,0.00,0.00,Matches,9413b19f
353,Yıldırım Mert Çetin,tr TUR,MF,Hellas Verona,24,1997,2,0,46,0.5,0,0,0,0,0,0,0,0.00,0.00,0.00,0.00,0.00,0.0,0.0,0.0,0.0,0.00,0.00,0.00,0.00,0.00,Matches,c730da00
354,Dries Mertens,be BEL,FWMF,Napoli,34,1987,30,16,1384,15.4,11,1,10,1,1,2,0,0.72,0.07,0.78,0.65,0.72,5.0,4.2,3.5,7.7,0.33,0.23,0.55,0.27,0.50,Matches,89b2c8a9
355,Junior Messias,br BRA,FWMF,Milan,30,1991,26,14,1428,15.9,5,2,5,0,0,2,0,0.32,0.13,0.44,0.32,0.44,3.7,3.7,2.2,5.9,0.23,0.14,0.37,0.23,0.37,Matches,f49c4ae9
356,Kingsley Michael,ng NGA,MF,Bologna,21,1999,2,1,76,0.8,0,0,0,0,0,0,0,0.00,0.00,0.00,0.00,0.00,0.0,0.0,0.0,0.0,0.02,0.00,0.02,0.02,0.02,Matches,e63e122d
357,Valentin Mihaila,ro ROU,MFFW,Atalanta,21,2000,5,0,76,0.8,0,0,0,0,0,0,0,0.00,0.00,0.00,0.00,0.00,0.1,0.1,0.0,0.1,0.07,0.00,0.07,0.07,0.07,Matches,81a4c239
358,Mikael,br BRA,FWMF,Salernitana,22,1999,7,0,87,1.0,0,0,0,0,0,0,0,0.00,0.00,0.00,0.00,0.00,0.2,0.2,0.0,0.2,0.26,0.00,0.26,0.26,0.26,Matches,33502726
359,Hilmir Mikaelsson,is ISL,FW,Venezia,17,2004,1,0,18,0.2,0,0,0,0,0,0,0,0.00,0.00,0.00,0.00,0.00,0.0,0.0,0.0,0.0,0.00,0.00,0.00,0.00,0.00,Matches,5add9b29
360,Nikola Milenković,rs SRB,DF,Fiorentina,23,1997,34,34,2926,32.5,1,0,1,0,0,10,1,0.03,0.00,0.03,0.03,0.03,2.3,2.3,0.4,2.8,0.07,0.01,0.09,0.07,0.09,Matches,bee704fc
361,Sergej Milinković-Savić,rs SRB,MF,Lazio,26,1995,37,36,3100,34.4,11,10,11,0,0,6,1,0.32,0.29,0.61,0.32,0.61,7.5,7.5,7.0,14.5,0.22,0.20,0.42,0.22,0.42,Matches,4e6dbac4
362,Vanja Milinković-Savić,rs SRB,GK,Torino,24,1997,27,27,2430,27.0,0,0,0,0,0,3,0,0.00,0.00,0.00,0.00,0.00,0.0,0.0,0.0,0.0,0.00,0.00,0.00,0.00,0.00,Matches,9fa26bc2
363,Aleksei Miranchuk,ru RUS,MFFW,Atalanta,25,1995,19,7,772,8.6,2,5,2,0,0,0,0,0.23,0.58,0.82,0.23,0.82,1.6,1.6,3.4,5.0,0.18,0.40,0.58,0.18,0.58,Matches,a9aa0d1d
364,Fabio Miretti,it ITA,MF,Juventus,17,2003,6,4,321,3.6,0,0,0,0,0,0,0,0.00,0.00,0.00,0.00,0.00,0.1,0.1,0.4,0.6,0.04,0.13,0.16,0.04,0.16,Matches,34693494
365,Henrikh Mkhitaryan,am ARM,MFFW,Roma,32,1989,31,29,2495,27.7,5,6,5,0,0,4,1,0.18,0.22,0.40,0.18,0.40,4.7,4.7,5.4,10.1,0.17,0.19,0.37,0.17,0.37,Matches,dd0daf32
366,Marco Modolo,it ITA,DF,Venezia,32,1989,6,4,392,4.4,0,0,0,0,0,2,0,0.00,0.00,0.00,0.00,0.00,0.1,0.1,0.0,0.1,0.03,0.00,0.03,0.03,0.03,Matches,fdcdb521
367,Nahuel Molina,ar ARG,DF,Udinese,23,1998,35,31,2638,29.3,7,2,7,0,0,7,1,0.24,0.07,0.31,0.24,0.31,4.2,4.2,4.0,8.2,0.14,0.14,0.28,0.14,0.28,Matches,23610943
368,Cristian Molinaro,it ITA,DF,Venezia,38,1983,8,6,548,6.1,0,1,0,0,0,0,0,0.00,0.16,0.16,0.00,0.16,0.0,0.0,0.5,0.5,0.00,0.08,0.08,0.00,0.08,Matches,1c8c5aed
369,Lorenzo Montipò,it ITA,GK,Hellas Verona,25,1996,34,34,3060,34.0,0,0,0,0,0,1,0,0.00,0.00,0.00,0.00,0.00,0.0,0.0,0.0,0.0,0.00,0.00,0.00,0.00,0.00,Matches,c1d95617
370,Álvaro Morata,es ESP,FW,Juventus,28,1992,35,26,2302,25.6,9,4,8,1,1,5,0,0.35,0.16,0.51,0.31,0.47,9.6,8.8,6.6,15.4,0.37,0.26,0.63,0.34,0.60,Matches,129af0db
371,Raúl Moro,es ESP,FW,Lazio,18,2002,11,1,201,2.2,0,1,0,0,0,0,0,0.00,0.45,0.45,0.00,0.45,0.4,0.4,0.3,0.7,0.18,0.12,0.30,0.18,0.30,Matches,919dd4b1
372,Andrei Motoc,ro ROU,DF,Salernitana,19,2002,1,1,90,1.0,0,0,0,0,0,0,0,0.00,0.00,0.00,0.00,0.00,0.0,0.0,0.0,0.0,0.04,0.00,0.04,0.04,0.04,Matches,b64073a0
373,Lys Mousset,fr FRA,MFFW,Salernitana,25,1996,6,2,160,1.8,0,1,0,0,0,2,0,0.00,0.56,0.56,0.00,0.56,0.2,0.2,0.4,0.5,0.09,0.22,0.31,0.09,0.31,Matches,d9cfca3d
374,Samuel Mráz,sk SVK,FW,Spezia,24,1997,2,0,54,0.6,0,0,0,0,0,0,0,0.00,0.00,0.00,0.00,0.00,0.0,0.0,0.0,0.0,0.03,0.00,0.03,0.03,0.03,Matches,be6c1ccc
375,Mert Müldür,tr TUR,DF,Sassuolo,22,1999,31,24,2046,22.7,0,0,0,0,0,5,0,0.00,0.00,0.00,0.00,0.00,0.7,0.7,1.4,2.2,0.03,0.06,0.10,0.03,0.10,Matches,1295552e
376,Luis Muriel,co COL,FWMF,Atalanta,30,1991,27,17,1539,17.1,9,8,7,2,2,1,0,0.53,0.47,0.99,0.41,0.88,8.1,6.6,6.5,13.1,0.47,0.38,0.85,0.38,0.76,Matches,eb2fe5b6
377,Vedat Muriqi,xk KVX,FW,Lazio,27,1994,11,1,215,2.4,0,0,0,0,0,1,0,0.00,0.00,0.00,0.00,0.00,0.4,0.4,0.0,0.4,0.18,0.00,0.18,0.18,0.18,Matches,0cadc46d
378,Nicola Murru,it ITA,DF,Sampdoria,26,1994,22,13,983,10.9,1,0,1,0,0,5,0,0.09,0.00,0.09,0.09,0.09,0.1,0.1,0.5,0.6,0.01,0.04,0.06,0.01,0.06,Matches,d183e9d6
379,Juan Musso,ar ARG,GK,Atalanta,27,1994,33,33,2932,32.6,0,0,0,0,0,1,1,0.00,0.00,0.00,0.00,0.00,0.0,0.0,0.0,0.0,0.00,0.00,0.00,0.00,0.00,Matches,a111cf41
380,Joakim Mæhle,dk DEN,DFMF,Atalanta,24,1997,26,15,1471,16.3,1,1,1,0,0,2,0,0.06,0.06,0.12,0.06,0.12,2.4,2.4,1.3,3.7,0.15,0.08,0.23,0.15,0.23,Matches,c459a650
381,Nahitan Nández,uy URU,MFDF,Cagliari,25,1995,21,16,1523,16.9,0,2,0,0,0,4,0,0.00,0.12,0.12,0.00,0.12,1.2,1.2,2.6,3.8,0.07,0.16,0.23,0.07,0.23,Matches,95facda1
382,Nani,pt POR,MFFW,Venezia,34,1986,10,3,287,3.2,0,1,0,0,0,1,0,0.00,0.31,0.31,0.00,0.31,0.1,0.1,0.5,0.6,0.03,0.16,0.19,0.03,0.19,Matches,15e9c7e6
383,Matija Nastasić,rs SRB,DF,Fiorentina,28,1993,5,2,219,2.4,0,0,0,0,0,1,0,0.00,0.00,0.00,0.00,0.00,0.1,0.1,0.0,0.1,0.05,0.01,0.06,0.05,0.06,Matches,f35430a4
384,Ilija Nestorovski,mk MKD,FW,Udinese,31,1990,7,1,188,2.1,1,0,1,0,0,1,0,0.48,0.00,0.48,0.48,0.48,0.7,0.7,0.9,1.6,0.35,0.43,0.79,0.35,0.79,Matches,b1236c63
385,Aurélien Nguiamba,fr FRA,MF,Spezia,22,1999,3,0,51,0.6,0,0,0,0,0,1,0,0.00,0.00,0.00,0.00,0.00,0.0,0.0,0.0,0.0,0.00,0.00,0.00,0.00,0.00,Matches,de135234
386,Dimitris Nikolaou,gr GRE,DF,Spezia,22,1998,36,36,3240,36.0,0,0,0,0,0,7,0,0.00,0.00,0.00,0.00,0.00,0.1,0.1,0.2,0.3,0.00,0.01,0.01,0.00,0.01,Matches,cf961d8d
387,Jean-Pierre Nsame,cm CMR,FW,Venezia,28,1993,11,1,245,2.7,0,1,0,0,0,0,0,0.00,0.37,0.37,0.00,0.37,0.8,0.8,0.7,1.5,0.31,0.24,0.55,0.31,0.55,Matches,12e6d21a
388,Bram Nuytinck,nl NED,DF,Udinese,31,1990,27,23,2033,22.6,1,0,1,0,0,2,0,0.04,0.00,0.04,0.04,0.04,1.6,1.6,0.3,1.9,0.07,0.01,0.08,0.07,0.08,Matches,e33f36d5
389,Simeon Nwankwo,ng NGA,FW,Salernitana,29,1992,19,10,842,9.4,1,1,1,0,0,0,0,0.11,0.11,0.21,0.11,0.21,3.7,3.7,0.4,4.1,0.39,0.05,0.44,0.39,0.44,Matches,80dbbd10
390,M'Bala Nzola,ao ANG,FW,Spezia,24,1996,21,10,1068,11.9,2,1,2,0,0,2,0,0.17,0.08,0.25,0.17,0.25,2.5,2.5,1.5,4.0,0.21,0.12,0.33,0.21,0.33,Matches,a4948e67
391,Adam Obert,sk SVK,DFMF,Cagliari,18,2002,6,3,274,3.0,0,0,0,0,0,0,0,0.00,0.00,0.00,0.00,0.00,0.0,0.0,0.0,0.0,0.00,0.00,0.00,0.00,0.00,Matches,aa25ce92
392,Joel Obi,ng NGA,MFDF,Salernitana,30,1991,21,12,1143,12.7,0,1,0,0,0,4,0,0.00,0.08,0.08,0.00,0.08,1.3,1.3,2.0,3.3,0.10,0.16,0.26,0.10,0.26,Matches,614c38fb
393,Brain Oddei,it ITA,FW,Sassuolo,18,2002,2,0,8,0.1,0,0,0,0,0,0,0,0.00,0.00,0.00,0.00,0.00,0.1,0.1,0.0,0.1,1.42,0.00,1.42,1.42,1.42,Matches,97e8ea97
394,Álvaro Odriozola,es ESP,DF,Fiorentina,25,1995,25,18,1733,19.3,1,2,1,0,0,4,1,0.05,0.10,0.16,0.05,0.16,1.0,1.0,3.6,4.7,0.05,0.19,0.24,0.05,0.24,Matches,1d1691ad
395,Stefano Okaka,it ITA,FW,Udinese,31,1989,2,0,22,0.2,0,1,0,0,0,1,0,0.00,4.09,4.09,0.00,4.09,0.1,0.1,0.1,0.1,0.26,0.25,0.51,0.26,0.51,Matches,601ef102
396,David Okereke,ng NGA,FWMF,Venezia,23,1997,32,24,2053,22.8,7,0,7,0,0,5,1,0.31,0.00,0.31,0.31,0.31,5.2,5.2,1.5,6.7,0.23,0.07,0.29,0.23,0.29,Matches,d125f22f
397,Christian Oliva,uy URU,MF,Cagliari,25,1996,4,0,48,0.5,0,0,0,0,0,0,0,0.00,0.00,0.00,0.00,0.00,0.0,0.0,0.0,0.0,0.00,0.00,0.00,0.00,0.00,Matches,d3b888e3
398,Sérgio Oliveira,pt POR,MF,Roma,29,1992,14,13,892,9.9,2,0,1,1,1,5,0,0.20,0.00,0.20,0.10,0.10,1.4,0.7,1.8,2.4,0.14,0.18,0.32,0.07,0.25,Matches,947e036f
399,Riccardo Orsolini,it ITA,FWMF,Bologna,24,1997,29,21,1785,19.8,6,3,4,2,2,2,0,0.30,0.15,0.45,0.20,0.35,7.2,5.6,2.3,8.0,0.36,0.12,0.48,0.28,0.40,Matches,e14ec482
400,Victor Osimhen,ng NGA,FW,Napoli,22,1998,27,23,1983,22.0,14,2,14,0,0,5,1,0.64,0.09,0.73,0.64,0.73,13.7,13.7,2.0,15.7,0.62,0.09,0.71,0.62,0.71,Matches,8c90fd7a
401,David Ospina,co COL,GK,Napoli,32,1988,31,31,2790,31.0,0,0,0,0,0,1,0,0.00,0.00,0.00,0.00,0.00,0.0,0.0,0.0,0.0,0.00,0.00,0.00,0.00,0.00,Matches,82b1198a
402,Adam Ounas,dz ALG,MFFW,Napoli,24,1996,15,1,326,3.6,0,0,0,0,0,1,0,0.00,0.00,0.00,0.00,0.00,1.0,1.0,1.0,2.0,0.27,0.27,0.54,0.27,0.54,Matches,ed90babd
403,Daniele Padelli,it ITA,GK,Udinese,35,1985,3,3,270,3.0,0,0,0,0,0,0,0,0.00,0.00,0.00,0.00,0.00,0.0,0.0,0.0,0.0,0.00,0.00,0.00,0.00,0.00,Matches,cf1c23d8
404,Simone Pafundi,it ITA,FW,Udinese,15,2006,1,0,23,0.3,0,0,0,0,0,0,0,0.00,0.00,0.00,0.00,0.00,0.1,0.1,0.0,0.1,0.38,0.00,0.38,0.38,0.38,Matches,8daee720
405,Martin Palumbo,no NOR,FW,Juventus,19,2002,1,0,13,0.1,0,0,0,0,0,0,0,0.00,0.00,0.00,0.00,0.00,0.0,0.0,0.0,0.0,0.00,0.00,0.00,0.00,0.00,Matches,f8d41a8c
406,Goran Pandev,mk MKD,FWMF,Genoa,38,1983,20,7,843,9.4,0,1,0,0,0,1,0,0.00,0.11,0.11,0.00,0.11,0.6,0.6,1.3,1.9,0.06,0.14,0.20,0.06,0.20,Matches,d711d04f
407,Ivor Pandur,hr CRO,GK,Hellas Verona,21,2000,3,3,270,3.0,0,0,0,0,0,0,0,0.00,0.00,0.00,0.00,0.00,0.0,0.0,0.0,0.0,0.00,0.00,0.00,0.00,0.00,Matches,457cb02f
408,Fabiano Parisi,it ITA,DF,Empoli,20,2000,25,16,1477,16.4,0,1,0,0,0,5,0,0.00,0.06,0.06,0.00,0.06,0.9,0.9,0.3,1.3,0.06,0.02,0.08,0.06,0.08,Matches,0967845b
409,Mario Pašalić,hr CRO,MFFW,Atalanta,26,1995,37,24,2002,22.2,13,6,13,0,0,3,0,0.58,0.27,0.85,0.58,0.85,9.1,9.1,6.1,15.2,0.41,0.27,0.68,0.41,0.68,Matches,e599253a
410,Patric,es ESP,DF,Lazio,28,1993,24,19,1649,18.3,1,1,1,0,0,7,1,0.05,0.05,0.11,0.05,0.11,0.8,0.8,0.6,1.4,0.04,0.03,0.07,0.04,0.07,Matches,f7223718
411,Rui Patrício,pt POR,GK,Roma,33,1988,38,38,3420,38.0,0,0,0,0,0,2,0,0.00,0.00,0.00,0.00,0.00,0.0,0.0,0.0,0.0,0.00,0.00,0.00,0.00,0.00,Matches,79b0d6a0
412,Leonardo Pavoletti,it ITA,FW,Cagliari,32,1988,33,14,1518,16.9,5,1,5,0,0,9,0,0.30,0.06,0.36,0.30,0.36,6.2,6.2,1.5,7.6,0.37,0.09,0.45,0.37,0.45,Matches,d37b0350
413,Pedro,es ESP,FW,Lazio,34,1987,32,25,2033,22.6,9,4,9,0,0,5,0,0.40,0.18,0.58,0.40,0.58,5.2,5.2,3.5,8.8,0.23,0.16,0.39,0.23,0.39,Matches,3ca7254a
414,João Pedro,it ITA,FW,Cagliari,29,1992,37,37,3323,36.9,13,4,10,3,4,9,0,0.35,0.11,0.46,0.27,0.38,13.4,10.4,3.4,13.8,0.36,0.09,0.46,0.28,0.37,Matches,81255c03
415,Gianluca Pegolo,it ITA,GK,Sassuolo,40,1981,1,1,90,1.0,0,0,0,0,0,0,0,0.00,0.00,0.00,0.00,0.00,0.0,0.0,0.0,0.0,0.00,0.00,0.00,0.00,0.00,Matches,f058ed1f
416,Pietro Pellegri,it ITA,FW,Torino,20,2001,9,1,216,2.4,1,0,1,0,0,1,0,0.42,0.00,0.42,0.42,0.42,0.5,0.5,0.1,0.5,0.20,0.03,0.22,0.20,0.22,Matches,a44d3a3c
417,Pietro Pellegri,it ITA,FW,Milan,20,2001,6,1,131,1.5,0,0,0,0,0,0,0,0.00,0.00,0.00,0.00,0.00,0.2,0.2,0.3,0.5,0.14,0.21,0.35,0.14,0.35,Matches,a44d3a3c
418,Lorenzo Pellegrini,it ITA,MF,Roma,25,1996,28,27,2289,25.4,9,3,7,2,3,8,1,0.35,0.12,0.47,0.28,0.39,10.1,7.6,7.9,15.5,0.40,0.31,0.71,0.30,0.61,Matches,4a5a45c7
419,Luca Pellegrini,it ITA,DF,Juventus,22,1999,18,15,1107,12.3,0,1,0,0,0,6,0,0.00,0.08,0.08,0.00,0.08,0.4,0.4,1.9,2.2,0.03,0.15,0.18,0.03,0.18,Matches,3b61c9ec
420,Federico Peluso,it ITA,DF,Sassuolo,37,1984,2,0,11,0.1,0,0,0,0,0,0,0,0.00,0.00,0.00,0.00,0.00,0.0,0.0,0.0,0.0,0.00,0.00,0.00,0.00,0.00,Matches,4f2908e5
421,Gastón Pereiro,uy URU,FWMF,Cagliari,26,1995,29,9,975,10.8,4,2,4,0,0,1,0,0.37,0.18,0.55,0.37,0.55,1.7,1.7,2.1,3.7,0.15,0.19,0.34,0.15,0.34,Matches,7ec7738e
422,Dor Peretz,il ISR,MF,Venezia,26,1995,18,4,585,6.5,0,1,0,0,0,2,0,0.00,0.15,0.15,0.00,0.15,1.0,1.0,0.2,1.2,0.15,0.03,0.18,0.15,0.18,Matches,e2a302a8
423,Roberto Pereyra,ar ARG,MFFW,Udinese,30,1991,24,22,1794,19.9,3,5,2,1,2,10,1,0.15,0.25,0.40,0.10,0.35,5.4,3.8,4.3,8.0,0.27,0.21,0.48,0.19,0.40,Matches,75f2c59f
424,Carles Pérez,es ESP,MFFW,Roma,23,1998,19,3,554,6.2,1,1,1,0,0,2,0,0.16,0.16,0.32,0.16,0.32,1.9,1.9,1.3,3.2,0.30,0.22,0.52,0.30,0.52,Matches,a8f21b9f
425,Nehuén Pérez,ar ARG,DF,Udinese,21,2000,20,19,1692,18.8,0,1,0,0,0,6,0,0.00,0.05,0.05,0.00,0.05,1.2,1.2,0.7,1.9,0.06,0.04,0.10,0.06,0.10,Matches,f7c491f1
426,Mattia Perin,it ITA,GK,Juventus,28,1992,5,5,405,4.5,0,0,0,0,0,0,0,0.00,0.00,0.00,0.00,0.00,0.0,0.0,0.0,0.0,0.00,0.00,0.00,0.00,0.00,Matches,4c62d0c8
427,Ivan Perišić,hr CRO,DF,Inter,32,1989,35,35,2821,31.3,8,6,7,1,1,4,0,0.26,0.19,0.45,0.22,0.41,5.1,4.3,8.6,12.9,0.16,0.27,0.44,0.14,0.41,Matches,6fe90922
428,Diego Perotti,ar ARG,MFFW,Salernitana,33,1988,11,1,287,3.2,0,0,0,0,1,1,0,0.00,0.00,0.00,0.00,0.00,1.6,0.8,0.4,1.1,0.49,0.11,0.60,0.24,0.36,Matches,a40d5a0c
429,Mario Perrone,it ITA,DF,Salernitana,18,2003,1,0,15,0.2,0,0,0,0,0,0,0,0.00,0.00,0.00,0.00,0.00,0.0,0.0,0.0,0.0,0.00,0.00,0.00,0.00,0.00,Matches,6cd33e2a
430,Matteo Pessina,it ITA,MFFW,Atalanta,24,1997,27,18,1438,16.0,1,1,1,0,0,0,0,0.06,0.06,0.13,0.06,0.13,2.5,2.5,2.0,4.5,0.16,0.12,0.28,0.16,0.28,Matches,780e3631
431,Andrea Petagna,it ITA,FW,Napoli,26,1995,24,4,586,6.5,3,1,3,0,0,1,0,0.46,0.15,0.61,0.46,0.61,1.9,1.9,1.7,3.6,0.29,0.26,0.55,0.29,0.55,Matches,03f946ed
432,Giuseppe Pezzella,it ITA,DFMF,Atalanta,23,1997,21,10,1072,11.9,0,2,0,0,0,3,0,0.00,0.17,0.17,0.00,0.17,0.8,0.8,1.1,1.9,0.07,0.09,0.16,0.07,0.16,Matches,149c5f5d
433,Krzysztof Piątek,pl POL,FW,Fiorentina,26,1995,14,9,733,8.1,3,0,3,0,1,0,0,0.37,0.00,0.37,0.37,0.37,3.8,3.0,1.0,4.0,0.47,0.12,0.59,0.37,0.49,Matches,17f3620a
434,Roberto Piccoli,it ITA,FW,Genoa,20,2001,5,2,218,2.4,0,0,0,0,0,0,0,0.00,0.00,0.00,0.00,0.00,0.2,0.2,0.2,0.4,0.08,0.08,0.16,0.08,0.16,Matches,1cadaf34
435,Roberto Piccoli,it ITA,FW,Atalanta,20,2001,12,1,196,2.2,1,0,1,0,0,0,0,0.46,0.00,0.46,0.46,0.46,0.9,0.9,0.4,1.2,0.40,0.17,0.57,0.40,0.57,Matches,1cadaf34
436,Andrea Pinamonti,it ITA,FW,Empoli,22,1999,36,32,2869,31.9,13,2,9,4,4,4,0,0.41,0.06,0.47,0.28,0.35,12.2,9.4,3.2,12.7,0.38,0.10,0.48,0.30,0.40,Matches,08aa9cd1
437,Carlo Pinsoglio,it ITA,GK,Juventus,31,1990,1,0,45,0.5,0,0,0,0,0,0,0,0.00,0.00,0.00,0.00,0.00,0.0,0.0,0.0,0.0,0.00,0.00,0.00,0.00,0.00,Matches,f6a06749
438,Riccardo Pinzi,it ITA,FW,Udinese,17,2003,1,0,1,0.0,0,0,0,0,0,0,0,0.00,0.00,0.00,0.00,0.00,0.0,0.0,0.0,0.0,0.00,0.00,0.00,0.00,0.00,Matches,5dafcdce
439,Marko Pjaca,hr CRO,MF,Torino,26,1995,24,13,1149,12.8,3,0,3,0,0,0,0,0.23,0.00,0.23,0.23,0.23,2.1,2.1,1.4,3.4,0.16,0.11,0.27,0.16,0.27,Matches,2c38b327
440,Tommaso Pobega,it ITA,MF,Torino,22,1999,33,24,2240,24.9,4,2,4,0,0,11,0,0.16,0.08,0.24,0.16,0.24,3.8,3.8,2.6,6.4,0.15,0.10,0.26,0.15,0.26,Matches,55a1cac2
441,Suf Podgoreanu,il ISR,FW,Spezia,19,2002,5,1,113,1.3,0,1,0,0,0,0,0,0.00,0.80,0.80,0.00,0.80,0.0,0.0,0.0,0.1,0.03,0.03,0.06,0.03,0.06,Matches,d697a2d0
442,Matteo Politano,it ITA,FW,Napoli,27,1993,33,20,1650,18.3,3,4,3,0,0,3,0,0.16,0.22,0.38,0.16,0.38,2.6,2.6,3.8,6.4,0.14,0.21,0.35,0.14,0.35,Matches,5e861944
443,Manolo Portanova,it ITA,FWMF,Genoa,21,2000,24,17,1322,14.7,1,0,1,0,0,4,0,0.07,0.00,0.07,0.07,0.07,3.4,3.4,0.7,4.1,0.23,0.05,0.28,0.23,0.28,Matches,c8c0dccd
444,Dennis Praet,be BEL,MF,Torino,27,1994,23,17,1539,17.1,2,2,2,0,0,3,0,0.12,0.12,0.23,0.12,0.23,2.4,2.4,4.0,6.3,0.14,0.23,0.37,0.14,0.37,Matches,86695068
445,Mateusz Praszelik,pl POL,MF,Hellas Verona,20,2000,2,0,25,0.3,0,0,0,0,0,0,0,0.00,0.00,0.00,0.00,0.00,0.0,0.0,0.0,0.0,0.08,0.00,0.08,0.08,0.08,Matches,ec6773f5
446,Ivan Provedel,it ITA,GK,Spezia,27,1994,31,31,2761,30.7,0,0,0,0,0,2,0,0.00,0.00,0.00,0.00,0.00,0.0,0.0,0.0,0.0,0.00,0.00,0.00,0.00,0.00,Matches,277da414
447,Erick Pulgar,cl CHI,MF,Fiorentina,27,1994,6,4,341,3.8,0,1,0,0,0,2,0,0.00,0.26,0.26,0.00,0.26,0.1,0.1,0.7,0.8,0.03,0.18,0.21,0.03,0.21,Matches,4611e028
448,Ignacio Pussetto,ar ARG,FWMF,Udinese,25,1995,28,11,1204,13.4,4,4,3,1,1,4,0,0.30,0.30,0.60,0.22,0.52,4.5,3.7,2.6,6.3,0.34,0.19,0.53,0.28,0.47,Matches,62437b4f
449,Niklas Pyyhtiä,fi FIN,MF,Bologna,17,2003,1,0,19,0.2,0,0,0,0,0,0,0,0.00,0.00,0.00,0.00,0.00,0.0,0.0,0.0,0.0,0.00,0.00,0.00,0.00,0.00,Matches,88f53b75
450,Fabio Quagliarella,it ITA,FW,Sampdoria,38,1983,33,19,1664,18.5,4,2,3,1,1,2,0,0.22,0.11,0.32,0.16,0.27,5.1,4.4,1.9,6.2,0.28,0.10,0.38,0.24,0.34,Matches,ee4f2f3b
451,Adrien Rabiot,fr FRA,MF,Juventus,26,1995,32,28,2285,25.4,0,2,0,0,0,5,0,0.00,0.08,0.08,0.00,0.08,2.4,2.4,2.0,4.4,0.09,0.08,0.17,0.09,0.17,Matches,8794e251
452,Ivan Radovanović,rs SRB,DFMF,Salernitana,32,1988,14,12,1053,11.7,1,1,1,0,0,4,0,0.09,0.09,0.17,0.09,0.17,1.1,1.1,1.3,2.4,0.09,0.11,0.20,0.09,0.20,Matches,023937a9
453,Ionuț Radu,ro ROU,GK,Inter,24,1997,1,1,90,1.0,0,0,0,0,0,0,0,0.00,0.00,0.00,0.00,0.00,0.0,0.0,0.0,0.0,0.00,0.00,0.00,0.00,0.00,Matches,67f649be
454,Ștefan Radu,ro ROU,DF,Lazio,34,1986,10,6,556,6.2,0,0,0,0,0,2,0,0.00,0.00,0.00,0.00,0.00,0.1,0.1,0.0,0.1,0.01,0.00,0.01,0.01,0.01,Matches,53de807a
455,Boris Radunović,rs SRB,GK,Cagliari,25,1996,3,3,270,3.0,0,0,0,0,0,0,1,0.00,0.00,0.00,0.00,0.00,0.0,0.0,0.0,0.0,0.00,0.00,0.00,0.00,0.00,Matches,0dfce079
456,Antonio Raimondo,it ITA,FW,Bologna,17,2004,1,1,74,0.8,0,0,0,0,0,0,0,0.00,0.00,0.00,0.00,0.00,0.1,0.1,0.0,0.1,0.15,0.00,0.15,0.15,0.15,Matches,ce1a6c7e
457,Aaron Ramsey,wls WAL,MF,Juventus,30,1990,3,1,99,1.1,0,0,0,0,0,0,0,0.00,0.00,0.00,0.00,0.00,0.0,0.0,0.1,0.1,0.00,0.09,0.09,0.00,0.09,Matches,ef619b0b
458,Luca Ranieri,it ITA,DF,Salernitana,22,1999,27,25,2103,23.4,1,0,1,0,0,9,0,0.04,0.00,0.04,0.04,0.04,0.8,0.8,1.3,2.0,0.03,0.06,0.09,0.03,0.09,Matches,8c63fae5
459,Andrea Ranocchia,it ITA,DF,Inter,33,1988,6,3,341,3.8,0,0,0,0,0,1,0,0.00,0.00,0.00,0.00,0.00,0.5,0.5,0.0,0.5,0.12,0.00,0.12,0.12,0.12,Matches,539230cf
460,Giacomo Raspadori,it ITA,MFFW,Sassuolo,21,2000,36,32,2740,30.4,10,4,10,0,0,9,1,0.33,0.13,0.46,0.33,0.46,8.1,8.1,4.0,12.1,0.27,0.13,0.40,0.27,0.40,Matches,6e058f06
461,Nicola Ravaglia,it ITA,GK,Sampdoria,32,1988,1,0,5,0.1,0,0,0,0,0,0,0,0.00,0.00,0.00,0.00,0.00,0.0,0.0,0.0,0.0,0.00,0.00,0.00,0.00,0.00,Matches,d7a35008
462,Ante Rebić,hr CRO,FW,Milan,27,1993,24,6,891,9.9,2,2,2,0,0,2,0,0.20,0.20,0.40,0.20,0.40,2.9,2.9,4.6,7.5,0.29,0.47,0.76,0.29,0.76,Matches,536cebe5
463,Arkadiusz Reca,pl POL,DF,Spezia,26,1995,25,22,1772,19.7,0,2,0,0,0,3,0,0.00,0.10,0.10,0.00,0.10,0.7,0.7,2.1,2.8,0.04,0.11,0.14,0.04,0.14,Matches,6213fd82
464,Pepe Reina,es ESP,GK,Lazio,38,1982,15,15,1350,15.0,0,1,0,0,0,3,0,0.00,0.07,0.07,0.00,0.07,0.0,0.0,0.5,0.5,0.00,0.03,0.03,0.00,0.03,Matches,e358587b
465,Panagiotis Retsos,gr GRE,DF,Hellas Verona,22,1998,5,1,55,0.6,0,0,0,0,0,0,0,0.00,0.00,0.00,0.00,0.00,0.0,0.0,0.1,0.1,0.00,0.09,0.09,0.00,0.09,Matches,4bd00a50
466,Bryan Reynolds,us USA,DF,Roma,20,2001,1,0,2,0.0,0,0,0,0,0,0,0,0.00,0.00,0.00,0.00,0.00,0.0,0.0,0.0,0.0,0.00,0.00,0.00,0.00,0.00,Matches,2306bf5c
467,Franck Ribéry,fr FRA,MFFW,Salernitana,38,1983,23,16,1421,15.8,0,2,0,0,0,3,1,0.00,0.13,0.13,0.00,0.13,0.9,0.9,3.8,4.7,0.06,0.24,0.30,0.06,0.30,Matches,f61c7c4e
468,Samuele Ricci,it ITA,MF,Torino,19,2001,12,9,722,8.0,0,0,0,0,0,1,0,0.00,0.00,0.00,0.00,0.00,0.6,0.6,0.4,1.0,0.07,0.05,0.12,0.07,0.12,Matches,9823be92
469,Samuele Ricci,it ITA,MF,Empoli,19,2001,21,17,1530,17.0,1,1,1,0,0,1,1,0.06,0.06,0.12,0.06,0.12,0.3,0.3,0.3,0.6,0.02,0.02,0.03,0.02,0.03,Matches,9823be92
470,Tomás Rincón,ve VEN,MF,Torino,33,1988,7,1,163,1.8,0,0,0,0,0,2,0,0.00,0.00,0.00,0.00,0.00,0.0,0.0,0.1,0.1,0.00,0.03,0.03,0.00,0.03,Matches,f1cfc209
471,Tomás Rincón,ve VEN,MF,Sampdoria,33,1988,17,13,1166,13.0,0,0,0,0,0,3,0,0.00,0.00,0.00,0.00,0.00,0.2,0.2,0.1,0.4,0.02,0.01,0.03,0.02,0.03,Matches,f1cfc209
472,Ricardo Rodríguez,ch SUI,DF,Torino,28,1992,34,28,2473,27.5,0,1,0,0,0,3,0,0.00,0.04,0.04,0.00,0.04,0.4,0.4,2.1,2.5,0.02,0.08,0.09,0.02,0.09,Matches,7f78ad23
473,Marko Rog,hr CRO,MF,Cagliari,26,1995,8,2,311,3.5,0,1,0,0,0,0,0,0.00,0.29,0.29,0.00,0.29,0.4,0.4,0.2,0.6,0.11,0.06,0.17,0.11,0.17,Matches,b6b2b820
474,Rogério,br BRA,DF,Sassuolo,23,1998,23,19,1729,19.2,0,1,0,0,0,5,0,0.00,0.05,0.05,0.00,0.05,0.6,0.6,1.9,2.5,0.03,0.10,0.13,0.03,0.13,Matches,10e7f486
475,Alessio Romagnoli,it ITA,DF,Milan,26,1995,19,16,1409,15.7,1,0,1,0,0,4,1,0.06,0.00,0.06,0.06,0.06,0.8,0.8,0.1,0.9,0.05,0.01,0.06,0.05,0.06,Matches,3ead85f9
476,Simone Romagnoli,it ITA,DF,Empoli,31,1990,19,17,1497,16.6,2,0,2,0,0,3,0,0.12,0.00,0.12,0.12,0.12,1.5,1.5,0.4,1.9,0.09,0.02,0.11,0.09,0.11,Matches,09899de8
477,Luka Romero,ar ARG,FW,Lazio,16,2004,8,0,84,0.9,0,0,0,0,0,0,0,0.00,0.00,0.00,0.00,0.00,0.0,0.0,0.1,0.1,0.02,0.09,0.11,0.02,0.11,Matches,ca6edaa0
478,Sergio Romero,ar ARG,GK,Venezia,34,1987,16,16,1440,16.0,0,0,0,0,0,2,0,0.00,0.00,0.00,0.00,0.00,0.0,0.0,0.0,0.0,0.00,0.00,0.00,0.00,0.00,Matches,1e26e376
479,Cristiano Ronaldo,pt POR,FW,Juventus,36,1985,1,0,31,0.3,0,0,0,0,0,1,0,0.00,0.00,0.00,0.00,0.00,0.1,0.1,0.1,0.2,0.39,0.18,0.57,0.39,0.57,Matches,dea698d9
480,Marten de Roon,nl NED,MFDF,Atalanta,30,1991,30,28,2548,28.3,3,0,3,0,0,7,1,0.11,0.00,0.11,0.11,0.11,2.3,2.3,0.5,2.8,0.08,0.02,0.10,0.08,0.10,Matches,2a1beb34
481,Francesco Rossi,it ITA,GK,Atalanta,30,1991,1,0,37,0.4,0,0,0,0,0,0,0,0.00,0.00,0.00,0.00,0.00,0.0,0.0,0.0,0.0,0.00,0.00,0.00,0.00,0.00,Matches,7b5f516f
482,Nicolò Rovella,it ITA,MF,Genoa,19,2001,21,16,1468,16.3,0,3,0,0,0,5,0,0.00,0.18,0.18,0.00,0.18,1.2,1.2,2.6,3.8,0.08,0.16,0.23,0.08,0.23,Matches,e58cbfd5
483,Amir Rrahmani,xk KVX,DF,Napoli,27,1994,33,33,2927,32.5,4,0,4,0,0,5,0,0.12,0.00,0.12,0.12,0.12,4.2,4.2,0.3,4.5,0.13,0.01,0.14,0.13,0.14,Matches,4b3e1a38
484,Ruan,br BRA,DF,Sassuolo,22,1999,10,0,214,2.4,0,0,0,0,0,1,0,0.00,0.00,0.00,0.00,0.00,0.0,0.0,0.1,0.1,0.00,0.03,0.03,0.00,0.03,Matches,a378a02a
485,Daniele Rugani,it ITA,DF,Juventus,27,1994,12,9,879,9.8,0,0,0,0,0,2,0,0.00,0.00,0.00,0.00,0.00,0.1,0.1,0.0,0.2,0.01,0.00,0.02,0.01,0.02,Matches,14b8fcdf
486,Matteo Ruggeri,it ITA,DF,Salernitana,19,2002,14,8,676,7.5,0,0,0,0,0,1,0,0.00,0.00,0.00,0.00,0.00,0.2,0.2,0.3,0.6,0.03,0.04,0.07,0.03,0.07,Matches,ae9898c5
487,Mário Rui,pt POR,DF,Napoli,30,1991,34,34,2992,33.2,0,5,0,0,0,7,0,0.00,0.15,0.15,0.00,0.15,2.1,2.1,4.1,6.2,0.06,0.12,0.19,0.06,0.19,Matches,0b5a292a
488,Fabián Ruiz Peña,es ESP,MF,Napoli,25,1996,32,29,2384,26.5,7,4,7,0,0,2,0,0.26,0.15,0.42,0.26,0.42,2.1,2.1,3.3,5.4,0.08,0.12,0.20,0.08,0.20,Matches,c0c7ff58
489,Alessandro Russo,it ITA,MF,Salernitana,17,2003,1,0,29,0.3,0,0,0,0,0,0,0,0.00,0.00,0.00,0.00,0.00,0.0,0.0,0.0,0.0,0.00,0.00,0.00,0.00,0.00,Matches,7152082d
490,Stefano Sabelli,it ITA,DF,Genoa,28,1993,7,5,348,3.9,0,0,0,0,0,3,0,0.00,0.00,0.00,0.00,0.00,0.2,0.2,0.1,0.3,0.04,0.03,0.06,0.04,0.06,Matches,0ccac09c
491,Abdelhamid Sabiri,ma MAR,MFFW,Sampdoria,24,1996,14,9,893,9.9,3,2,3,0,0,3,0,0.30,0.20,0.50,0.30,0.50,1.3,1.3,2.1,3.3,0.13,0.21,0.33,0.13,0.33,Matches,4830e0af
492,Alexis Saelemaekers,be BEL,FW,Milan,22,1999,36,22,1865,20.7,1,3,1,0,0,2,0,0.05,0.14,0.19,0.05,0.19,3.6,3.6,4.3,7.9,0.17,0.21,0.38,0.17,0.38,Matches,ee251371
493,Jacopo Sala,it ITA,MF,Spezia,29,1991,18,13,880,9.8,1,0,1,0,0,3,0,0.10,0.00,0.10,0.10,0.10,0.2,0.2,0.6,0.7,0.02,0.06,0.07,0.02,0.07,Matches,da5a981b
494,Eddie Salcedo,it ITA,MFFW,Spezia,19,2001,12,5,429,4.8,0,0,0,0,0,1,0,0.00,0.00,0.00,0.00,0.00,1.6,1.6,0.3,1.9,0.33,0.07,0.39,0.33,0.39,Matches,0489bb30
495,Lazar Samardzic,de GER,MFFW,Udinese,19,2002,22,1,490,5.4,2,2,2,0,0,0,0,0.37,0.37,0.73,0.37,0.73,1.2,1.2,1.7,2.9,0.21,0.32,0.53,0.21,0.53,Matches,217c93a1
496,Luigi Samele,it ITA,FW,Sassuolo,19,2002,2,0,5,0.1,0,1,0,0,0,0,0,0.00,18.00,18.00,0.00,18.00,0.0,0.0,0.4,0.4,0.00,7.29,7.29,0.00,7.29,Matches,548fea2f
497,Antonio Sanabria,py PAR,FW,Torino,25,1996,29,22,1803,20.0,6,1,6,0,0,3,0,0.30,0.05,0.35,0.30,0.35,8.3,8.3,2.0,10.3,0.42,0.10,0.52,0.42,0.52,Matches,0a447501
498,Alexis Sánchez,cl CHI,FW,Inter,32,1988,27,7,881,9.8,5,2,5,0,0,0,0,0.51,0.20,0.72,0.51,0.72,5.0,5.0,1.9,6.8,0.51,0.19,0.70,0.51,0.70,Matches,2c0f8e9e
499,Alex Sandro,br BRA,DF,Juventus,30,1991,28,17,1780,19.8,0,1,0,0,0,3,0,0.00,0.05,0.05,0.00,0.05,1.0,1.0,1.5,2.5,0.05,0.08,0.13,0.05,0.13,Matches,0d82903c
500,Nicola Sansone,it ITA,FWMF,Bologna,29,1991,27,6,896,10.0,2,3,2,0,0,6,0,0.20,0.30,0.50,0.20,0.50,3.5,3.5,2.5,6.0,0.35,0.25,0.60,0.35,0.60,Matches,7eb97a8e
501,Federico Santander,py PAR,FWDF,Bologna,30,1991,7,0,67,0.7,1,0,1,0,0,1,0,1.34,0.00,1.34,1.34,1.34,0.5,0.5,0.1,0.6,0.68,0.09,0.78,0.68,0.78,Matches,df85d472
502,Samir Santos,br BRA,DF,Udinese,26,1994,17,17,1421,15.8,0,0,0,0,0,5,0,0.00,0.00,0.00,0.00,0.00,0.9,0.9,0.1,1.0,0.06,0.01,0.06,0.06,0.06,Matches,92b4758e
503,Riccardo Saponara,it ITA,FW,Fiorentina,29,1991,29,13,1284,14.3,3,3,3,0,0,1,0,0.21,0.21,0.42,0.21,0.42,2.9,2.9,3.3,6.2,0.20,0.23,0.43,0.20,0.43,Matches,3bb7af3b
504,Giacomo Satalino,it ITA,GK,Sassuolo,22,1999,1,0,8,0.1,0,0,0,0,0,0,0,0.00,0.00,0.00,0.00,0.00,0.0,0.0,0.0,0.0,0.00,0.00,0.00,0.00,0.00,Matches,b1f0b916
505,Martin Satriano,uy URU,FWMF,Inter,20,2001,4,0,38,0.4,0,0,0,0,0,0,0,0.00,0.00,0.00,0.00,0.00,0.0,0.0,0.0,0.0,0.00,0.11,0.11,0.00,0.11,Matches,86383d0e
506,Giorgio Scalvini,it ITA,DFMF,Atalanta,17,2003,18,9,763,8.5,1,0,1,0,0,1,0,0.12,0.00,0.12,0.12,0.12,1.8,1.8,1.0,2.7,0.21,0.11,0.32,0.21,0.32,Matches,1e9aa637
507,Gianluca Scamacca,it ITA,FW,Sassuolo,22,1999,36,25,2146,23.8,16,0,15,1,1,7,0,0.67,0.00,0.67,0.63,0.63,11.5,10.7,2.5,13.2,0.48,0.11,0.59,0.45,0.56,Matches,8790f988
508,Andrea Schiavone,it ITA,MF,Salernitana,28,1993,14,5,571,6.3,1,0,1,0,0,1,0,0.16,0.00,0.16,0.16,0.16,0.1,0.1,0.9,1.0,0.02,0.13,0.16,0.02,0.16,Matches,4b55eb4d
509,David Schnegg,at AUT,DF,Venezia,22,1998,4,2,142,1.6,0,0,0,0,0,1,0,0.00,0.00,0.00,0.00,0.00,0.0,0.0,0.0,0.0,0.00,0.02,0.02,0.00,0.02,Matches,1c341b14
510,Jerdy Schouten,nl NED,MF,Bologna,24,1997,17,16,1392,15.5,1,1,1,0,0,4,1,0.06,0.06,0.13,0.06,0.13,0.2,0.2,0.8,1.0,0.02,0.05,0.07,0.02,0.07,Matches,2cfae697
511,Demba Seck,sn SEN,MFFW,Torino,20,2001,6,1,146,1.6,0,0,0,0,0,0,0,0.00,0.00,0.00,0.00,0.00,0.6,0.6,0.0,0.6,0.36,0.00,0.36,0.36,0.36,Matches,16463a79
512,Adrian Šemper,hr CRO,GK,Genoa,23,1998,1,1,90,1.0,0,0,0,0,0,0,0,0.00,0.00,0.00,0.00,0.00,0.0,0.0,0.0,0.0,0.00,0.00,0.00,0.00,0.00,Matches,f02dde20
513,Stefano Sensi,it ITA,MFFW,Sampdoria,25,1995,11,10,754,8.4,1,0,1,0,0,1,0,0.12,0.00,0.12,0.12,0.12,1.2,1.2,1.3,2.5,0.15,0.15,0.30,0.15,0.30,Matches,b70bde8f
514,Stefano Sensi,it ITA,MFFW,Inter,25,1995,9,1,167,1.9,0,0,0,0,0,0,0,0.00,0.00,0.00,0.00,0.00,0.4,0.4,0.4,0.8,0.23,0.21,0.45,0.23,0.45,Matches,b70bde8f
515,Luigi Sepe,it ITA,GK,Salernitana,30,1991,16,16,1392,15.5,0,0,0,0,0,2,0,0.00,0.00,0.00,0.00,0.00,0.0,0.0,0.0,0.0,0.00,0.00,0.00,0.00,0.00,Matches,343f753a
516,Laurens Serpe,it ITA,DF,Genoa,20,2001,1,0,45,0.5,0,0,0,0,0,0,0,0.00,0.00,0.00,0.00,0.00,0.0,0.0,0.0,0.0,0.00,0.00,0.00,0.00,0.00,Matches,79d60e74
517,Stephan El Shaarawy,it ITA,FWDF,Roma,28,1992,27,8,1055,11.7,3,0,3,0,0,1,0,0.26,0.00,0.26,0.26,0.26,3.6,3.6,3.3,6.9,0.30,0.28,0.59,0.30,0.59,Matches,d3aaad90
518,Aimar Sher,se SWE,MF,Spezia,18,2002,1,0,45,0.5,0,0,0,0,0,0,0,0.00,0.00,0.00,0.00,0.00,0.0,0.0,0.0,0.0,0.00,0.00,0.00,0.00,0.00,Matches,ef301f96
519,Eldor Shomurodov,uz UZB,FWMF,Roma,26,1995,28,5,784,8.7,3,4,3,0,0,2,0,0.34,0.46,0.80,0.34,0.80,4.6,4.6,2.8,7.5,0.53,0.33,0.86,0.53,0.86,Matches,57469b2d
520,Alassane Sidibe,ci CIV,MF,Atalanta,19,2002,1,0,6,0.1,0,0,0,0,0,0,0,0.00,0.00,0.00,0.00,0.00,0.0,0.0,0.0,0.0,0.00,0.00,0.00,0.00,0.00,Matches,f944979d
521,Arnór Sigurðsson,is ISL,FWMF,Venezia,22,1999,9,0,183,2.0,0,0,0,0,0,0,0,0.00,0.00,0.00,0.00,0.00,0.1,0.1,0.1,0.2,0.06,0.03,0.09,0.06,0.09,Matches,f209b81e
522,Adrien Silva,pt POR,MF,Sampdoria,32,1989,17,12,1083,12.0,0,1,0,0,0,3,1,0.00,0.08,0.08,0.00,0.08,0.4,0.4,0.5,0.9,0.03,0.04,0.07,0.03,0.07,Matches,d6f88a1d
523,Marco Silvestri,it ITA,GK,Udinese,30,1991,35,35,3150,35.0,0,0,0,0,0,1,0,0.00,0.00,0.00,0.00,0.00,0.0,0.0,0.1,0.1,0.00,0.00,0.00,0.00,0.00,Matches,0d422df7
524,Giovanni Simeone,ar ARG,FW,Hellas Verona,26,1995,35,32,2653,29.5,17,5,17,0,1,8,0,0.58,0.17,0.75,0.58,0.75,11.5,10.7,3.6,14.3,0.39,0.12,0.51,0.36,0.48,Matches,343c0d52
525,Giovanni Simeone,ar ARG,FW,Cagliari,26,1995,1,0,7,0.1,0,0,0,0,0,0,0,0.00,0.00,0.00,0.00,0.00,0.0,0.0,0.0,0.0,0.00,0.00,0.00,0.00,0.00,Matches,343c0d52
526,Wilfried Singo,ci CIV,DF,Torino,20,2000,35,32,2607,29.0,3,4,3,0,0,5,1,0.10,0.14,0.24,0.10,0.24,3.4,3.4,2.6,5.9,0.12,0.09,0.20,0.12,0.20,Matches,8b609c34
527,Salvatore Sirigu,it ITA,GK,Genoa,34,1987,37,37,3330,37.0,0,0,0,0,0,0,0,0.00,0.00,0.00,0.00,0.00,0.0,0.0,0.0,0.0,0.00,0.00,0.00,0.00,0.00,Matches,10dc46f0
528,Leo Skiri Østigård,no NOR,DF,Genoa,21,1999,15,13,1172,13.0,0,0,0,0,0,4,2,0.00,0.00,0.00,0.00,0.00,0.4,0.4,0.2,0.6,0.03,0.02,0.05,0.03,0.05,Matches,b35a7399
529,Łukasz Skorupski,pl POL,GK,Bologna,30,1991,36,36,3240,36.0,0,0,0,0,0,4,0,0.00,0.00,0.00,0.00,0.00,0.0,0.0,0.0,0.0,0.00,0.00,0.00,0.00,0.00,Matches,ab4449d6
530,Andreas Skov Olsen,dk DEN,FWDF,Bologna,21,1999,18,6,747,8.3,0,2,0,0,0,0,0,0.00,0.24,0.24,0.00,0.24,0.9,0.9,0.4,1.3,0.10,0.05,0.16,0.10,0.16,Matches,c50cee19
531,Milan Škriniar,sk SVK,DF,Inter,26,1995,35,35,3150,35.0,3,0,3,0,0,3,0,0.09,0.00,0.09,0.09,0.09,3.3,3.3,0.7,4.0,0.09,0.02,0.11,0.09,0.11,Matches,30f5ffa9
532,Chris Smalling,eng ENG,DF,Roma,31,1989,27,23,2091,23.2,3,0,3,0,0,0,0,0.13,0.00,0.13,0.13,0.13,2.5,2.5,0.6,3.1,0.11,0.02,0.13,0.11,0.13,Matches,b6964eb6
533,Brandon Soppy,fr FRA,DFMF,Udinese,19,2002,28,7,777,8.6,0,0,0,0,0,4,0,0.00,0.00,0.00,0.00,0.00,0.6,0.6,0.4,1.0,0.07,0.04,0.12,0.07,0.12,Matches,28f66c2e
534,Roberto Soriano,it ITA,MF,Bologna,30,1991,35,32,2622,29.1,0,4,0,0,0,6,2,0.00,0.14,0.14,0.00,0.14,2.3,2.3,4.8,7.1,0.08,0.17,0.24,0.08,0.24,Matches,9d4c45d6
535,Riccardo Sottil,it ITA,FW,Fiorentina,22,1999,24,14,1239,13.8,3,2,3,0,0,4,1,0.22,0.15,0.36,0.22,0.36,2.9,2.9,2.4,5.3,0.21,0.17,0.38,0.21,0.38,Matches,94816803
536,Matìas Soulé,ar ARG,FW,Juventus,18,2003,2,0,5,0.1,0,0,0,0,0,0,0,0.00,0.00,0.00,0.00,0.00,0.1,0.1,0.0,0.1,1.55,0.00,1.55,1.55,1.55,Matches,c13ddd3e
537,Adama Soumaoro,fr FRA,DF,Bologna,29,1992,28,26,2266,25.2,0,0,0,0,0,6,2,0.00,0.00,0.00,0.00,0.00,1.0,1.0,0.1,1.1,0.04,0.01,0.05,0.04,0.05,Matches,7b075c75
538,Leonardo Spinazzola,it ITA,DF,Roma,28,1993,3,2,127,1.4,0,0,0,0,0,1,0,0.00,0.00,0.00,0.00,0.00,0.1,0.1,0.1,0.2,0.05,0.09,0.15,0.05,0.15,Matches,3626daea
539,Marco Sportiello,it ITA,GK,Atalanta,29,1992,5,5,450,5.0,0,0,0,0,0,1,0,0.00,0.00,0.00,0.00,0.00,0.0,0.0,0.0,0.0,0.00,0.00,0.00,0.00,0.00,Matches,ac4003af
540,Luca Stanga,it ITA,DF,Milan,19,2002,1,0,3,0.0,0,0,0,0,0,0,0,0.00,0.00,0.00,0.00,0.00,0.0,0.0,0.0,0.0,0.00,0.00,0.00,0.00,0.00,Matches,2967bcd0
541,Riccardo Stivanello,it ITA,DF,Bologna,17,2004,1,0,45,0.5,0,0,0,0,0,0,0,0.00,0.00,0.00,0.00,0.00,0.0,0.0,0.0,0.0,0.00,0.00,0.00,0.00,0.00,Matches,90e1d9dc
542,Petar Stojanović,si SVN,DF,Empoli,25,1995,33,32,2735,30.4,1,1,1,0,0,11,1,0.03,0.03,0.07,0.03,0.07,0.7,0.7,3.3,3.9,0.02,0.11,0.13,0.02,0.13,Matches,13b44b02
543,Thomas Strakosha,al ALB,GK,Lazio,26,1995,23,23,2070,23.0,0,0,0,0,0,2,0,0.00,0.00,0.00,0.00,0.00,0.0,0.0,0.0,0.0,0.00,0.00,0.00,0.00,0.00,Matches,339fe0e8
544,Stefan Strandberg,no NOR,DF,Salernitana,31,1990,11,11,933,10.4,0,0,0,0,0,2,1,0.00,0.00,0.00,0.00,0.00,0.9,0.9,0.3,1.2,0.09,0.03,0.11,0.09,0.11,Matches,6d5e62b0
545,Dávid Strelec,sk SVK,FWMF,Spezia,20,2001,10,7,502,5.6,1,0,1,0,0,0,0,0.18,0.00,0.18,0.18,0.18,0.5,0.5,1.0,1.5,0.09,0.18,0.27,0.09,0.27,Matches,2cb9486d
546,Kevin Strootman,nl NED,MF,Cagliari,31,1990,10,7,640,7.1,0,0,0,0,0,4,0,0.00,0.00,0.00,0.00,0.00,0.0,0.0,0.2,0.3,0.00,0.03,0.04,0.00,0.04,Matches,ef2e5e1a
547,Jens Stryger Larsen,dk DEN,DF,Udinese,30,1991,11,8,684,7.6,0,1,0,0,0,0,0,0.00,0.13,0.13,0.00,0.13,0.7,0.7,0.9,1.5,0.09,0.11,0.20,0.09,0.20,Matches,f91e81c9
548,Leo Štulac,si SVN,MF,Empoli,26,1994,23,8,833,9.3,2,2,2,0,0,1,0,0.22,0.22,0.43,0.22,0.43,0.3,0.3,0.7,1.0,0.03,0.07,0.11,0.03,0.11,Matches,92948398
549,Stefano Sturaro,it ITA,MF,Genoa,28,1993,25,24,1766,19.6,0,0,0,0,0,12,0,0.00,0.00,0.00,0.00,0.00,0.6,0.6,1.0,1.6,0.03,0.05,0.08,0.03,0.08,Matches,2334478a
550,Isaac Success,ng NGA,FWMF,Udinese,25,1996,22,11,911,10.1,2,6,2,0,0,1,1,0.20,0.59,0.79,0.20,0.79,2.4,2.4,3.1,5.5,0.24,0.30,0.54,0.24,0.54,Matches,f573a8bf
551,Vladyslav Supriaha,ua UKR,FW,Sampdoria,21,2000,1,0,22,0.2,0,0,0,0,0,0,0,0.00,0.00,0.00,0.00,0.00,0.0,0.0,0.0,0.0,0.00,0.00,0.00,0.00,0.00,Matches,73affbb6
552,Bosko Sutalo,hr CRO,DF,Hellas Verona,21,2000,24,6,920,10.2,0,0,0,0,0,0,0,0.00,0.00,0.00,0.00,0.00,0.2,0.2,0.0,0.3,0.02,0.00,0.03,0.02,0.03,Matches,1d0bb7e4
553,Mattias Svanberg,se SWE,MF,Bologna,22,1999,36,31,2564,28.5,3,3,3,0,0,7,0,0.11,0.11,0.21,0.11,0.21,2.7,2.7,2.8,5.5,0.09,0.10,0.19,0.09,0.19,Matches,92d83c27
554,Michael Svoboda,at AUT,DF,Venezia,22,1998,18,13,1236,13.7,0,0,0,0,0,2,1,0.00,0.00,0.00,0.00,0.00,1.1,1.1,0.0,1.1,0.08,0.00,0.08,0.08,0.08,Matches,8abd174d
555,Wojciech Szczęsny,pl POL,GK,Juventus,31,1990,33,33,2970,33.0,0,0,0,0,0,2,0,0.00,0.00,0.00,0.00,0.00,0.0,0.0,0.1,0.1,0.00,0.00,0.00,0.00,0.00,Matches,01b8a2b2
556,Adrien Tameze,cm CMR,MFDF,Hellas Verona,27,1994,38,26,2574,28.6,4,2,4,0,0,4,0,0.14,0.07,0.21,0.14,0.21,1.5,1.5,2.4,3.9,0.05,0.09,0.14,0.05,0.14,Matches,8da74c05
557,Ciprian Tătărușanu,ro ROU,GK,Milan,35,1986,6,6,540,6.0,0,0,0,0,0,0,0,0.00,0.00,0.00,0.00,0.00,0.0,0.0,0.0,0.0,0.00,0.00,0.00,0.00,0.00,Matches,b056e3da
558,Filippo Terracciano,it ITA,DF,Hellas Verona,18,2003,1,0,7,0.1,0,0,0,0,0,0,0,0.00,0.00,0.00,0.00,0.00,0.0,0.0,0.0,0.0,0.00,0.00,0.00,0.00,0.00,Matches,5cbb5ad6
559,Pietro Terracciano,it ITA,GK,Fiorentina,31,1990,32,31,2862,31.8,0,0,0,0,0,0,0,0.00,0.00,0.00,0.00,0.00,0.0,0.0,0.1,0.1,0.00,0.00,0.00,0.00,0.00,Matches,e1b0a70d
560,Aleksa Terzić,rs SRB,DF,Fiorentina,21,1999,14,1,274,3.0,0,1,0,0,0,1,0,0.00,0.33,0.33,0.00,0.33,0.0,0.0,0.4,0.4,0.00,0.12,0.12,0.00,0.12,Matches,3ef0a2d7
561,Tanner Tessmann,us USA,MF,Venezia,19,2001,20,6,680,7.6,0,0,0,0,0,1,1,0.00,0.00,0.00,0.00,0.00,0.7,0.7,0.2,1.0,0.09,0.03,0.13,0.09,0.13,Matches,ac277993
562,Arthur Theate,be BEL,DF,Bologna,21,2000,31,28,2424,26.9,2,1,2,0,0,6,0,0.07,0.04,0.11,0.07,0.11,1.9,1.9,0.4,2.3,0.07,0.02,0.08,0.07,0.08,Matches,df8d6029
563,Morten Thorsby,no NOR,MF,Sampdoria,25,1996,35,35,2943,32.7,3,1,3,0,0,10,0,0.09,0.03,0.12,0.09,0.12,3.6,3.6,1.5,5.0,0.11,0.05,0.15,0.11,0.15,Matches,d1b49282
564,Jeremy Toljan,de GER,DF,Sassuolo,26,1994,20,15,1399,15.5,0,1,0,0,0,2,0,0.00,0.06,0.06,0.00,0.06,0.1,0.1,1.1,1.3,0.01,0.07,0.08,0.01,0.08,Matches,a96e5dc0
565,Rafael Tolói,it ITA,DF,Atalanta,30,1990,20,16,1438,16.0,1,1,1,0,0,6,0,0.06,0.06,0.13,0.06,0.13,1.3,1.3,0.7,2.0,0.08,0.04,0.13,0.08,0.13,Matches,c56dc39e
566,Takehiro Tomiyasu,jp JPN,DF,Bologna,22,1998,1,0,10,0.1,0,0,0,0,0,0,0,0.00,0.00,0.00,0.00,0.00,0.0,0.0,0.1,0.1,0.00,0.67,0.67,0.00,0.67,Matches,b3af9be1
567,Fikayo Tomori,eng ENG,DF,Milan,23,1997,31,30,2718,30.2,0,0,0,0,0,4,0,0.00,0.00,0.00,0.00,0.00,1.5,1.5,0.7,2.2,0.05,0.02,0.07,0.05,0.07,Matches,7edfbb8a
568,Sandro Tonali,it ITA,MF,Milan,21,2000,36,31,2600,28.9,5,2,5,0,0,9,0,0.17,0.07,0.24,0.17,0.24,4.3,4.3,4.5,8.8,0.15,0.15,0.30,0.15,0.30,Matches,0db169ae
569,Lorenzo Tonelli,it ITA,DF,Empoli,31,1990,14,8,870,9.7,0,0,0,0,0,4,0,0.00,0.00,0.00,0.00,0.00,0.6,0.6,0.3,0.9,0.06,0.03,0.09,0.06,0.09,Matches,8cc29864
570,Ernesto Torregrossa,it ITA,FW,Sampdoria,29,1992,10,0,116,1.3,0,0,0,0,0,1,0,0.00,0.00,0.00,0.00,0.00,0.0,0.0,0.1,0.1,0.00,0.07,0.07,0.00,0.07,Matches,bf39bdec
571,Lucas Torreira,uy URU,MF,Fiorentina,25,1996,31,26,2195,24.4,5,1,5,0,0,10,1,0.21,0.04,0.25,0.21,0.25,5.3,5.1,2.3,7.4,0.22,0.09,0.31,0.21,0.30,Matches,52611641
572,Abdoulaye Touré,fr FRA,MF,Genoa,27,1994,8,6,430,4.8,0,0,0,0,0,1,0,0.00,0.00,0.00,0.00,0.00,0.2,0.2,0.1,0.2,0.04,0.01,0.05,0.04,0.05,Matches,ef7cd87a
573,Simone Trimboli,it ITA,MF,Sampdoria,19,2002,5,0,65,0.7,0,0,0,0,0,1,0,0.00,0.00,0.00,0.00,0.00,0.0,0.0,0.3,0.3,0.00,0.42,0.42,0.00,0.42,Matches,f5f21026
574,Axel Tuanzebe,eng ENG,DF,Napoli,23,1997,1,0,11,0.1,0,0,0,0,0,0,0,0.00,0.00,0.00,0.00,0.00,0.0,0.0,0.0,0.0,0.00,0.00,0.00,0.00,0.00,Matches,2baec6ce
575,Iyenoma Udogie,it ITA,DF,Udinese,18,2002,35,29,2477,27.5,5,3,5,0,0,4,0,0.18,0.11,0.29,0.18,0.29,4.3,4.3,2.6,6.9,0.16,0.10,0.25,0.16,0.25,Matches,7cd520e8
576,Maximilian Ullmann,at AUT,DF,Venezia,25,1996,5,2,246,2.7,0,0,0,0,0,0,0,0.00,0.00,0.00,0.00,0.00,0.0,0.0,0.0,0.0,0.00,0.00,0.00,0.00,0.00,Matches,caaf2ed1
577,Kacper Urbanski,pl POL,MF,Bologna,16,2004,1,0,45,0.5,0,0,0,0,0,0,0,0.00,0.00,0.00,0.00,0.00,0.0,0.0,0.0,0.0,0.00,0.00,0.00,0.00,0.00,Matches,2d9d9e42
578,Antonio Vacca,it ITA,MF,Venezia,31,1990,21,15,1064,11.8,0,0,0,0,0,5,0,0.00,0.00,0.00,0.00,0.00,0.0,0.0,0.3,0.3,0.00,0.03,0.03,0.00,0.03,Matches,444c89d9
579,Zinho Vanheusden,be BEL,DF,Genoa,22,1999,14,11,989,11.0,0,0,0,0,0,3,0,0.00,0.00,0.00,0.00,0.00,0.3,0.3,0.1,0.4,0.02,0.01,0.03,0.02,0.03,Matches,afbf187b
580,Johan Vásquez,mx MEX,DF,Genoa,22,1998,28,27,2279,25.3,1,0,1,0,0,7,0,0.04,0.00,0.04,0.04,0.04,1.1,1.1,0.1,1.3,0.04,0.01,0.05,0.04,0.05,Matches,5eaed77a
581,Denis Vavro,sk SVK,DF,Lazio,25,1996,1,0,8,0.1,0,0,0,0,0,0,0,0.00,0.00,0.00,0.00,0.00,0.0,0.0,0.0,0.0,0.00,0.00,0.00,0.00,0.00,Matches,08990838
582,Matías Vecino,uy URU,MF,Inter,29,1991,17,2,377,4.2,1,0,1,0,0,2,0,0.24,0.00,0.24,0.24,0.24,1.5,1.5,0.9,2.3,0.36,0.21,0.57,0.36,0.57,Matches,44ac04e9
583,Miguel Veloso,pt POR,MF,Hellas Verona,35,1986,22,17,1343,14.9,0,3,0,0,0,7,1,0.00,0.20,0.20,0.00,0.20,0.7,0.7,2.2,2.8,0.05,0.15,0.19,0.05,0.19,Matches,ab1ca213
584,Lorenzo Venuti,it ITA,DF,Fiorentina,26,1995,23,20,1571,17.5,0,0,0,0,0,4,0,0.00,0.00,0.00,0.00,0.00,0.3,0.3,0.4,0.7,0.02,0.02,0.04,0.02,0.04,Matches,983ff2c7
585,Daniele Verde,it ITA,FWMF,Spezia,25,1996,33,21,1957,21.7,8,6,7,1,2,2,0,0.37,0.28,0.64,0.32,0.60,6.1,4.5,4.5,8.9,0.28,0.21,0.48,0.21,0.41,Matches,d3298c99
586,Simone Verdi,it ITA,MFFW,Torino,29,1992,3,0,46,0.5,1,0,1,0,0,0,0,1.96,0.00,1.96,1.96,1.96,0.2,0.2,0.0,0.2,0.35,0.09,0.44,0.35,0.44,Matches,0375723e
587,Simone Verdi,it ITA,FWMF,Salernitana,29,1992,15,11,829,9.2,5,0,4,1,1,3,0,0.54,0.00,0.54,0.43,0.43,3.7,2.9,1.7,4.5,0.40,0.18,0.58,0.31,0.49,Matches,0375723e
588,Jordan Veretout,fr FRA,MF,Roma,28,1993,36,26,2319,25.8,4,8,3,1,2,6,0,0.16,0.31,0.47,0.12,0.43,4.9,3.3,6.4,9.7,0.19,0.25,0.44,0.13,0.38,Matches,4a56052c
589,Edoardo Vergani,it ITA,FWMF,Salernitana,20,2001,6,1,102,1.1,0,0,0,0,0,0,0,0.00,0.00,0.00,0.00,0.00,0.0,0.0,0.0,0.0,0.00,0.00,0.00,0.00,0.00,Matches,2873973b
590,Valerio Verre,it ITA,MFFW,Sampdoria,27,1994,11,6,420,4.7,0,0,0,0,0,0,0,0.00,0.00,0.00,0.00,0.00,1.1,1.1,0.3,1.3,0.23,0.06,0.29,0.23,0.29,Matches,33ecf462
591,Valerio Verre,it ITA,MF,Empoli,27,1994,8,4,310,3.4,0,1,0,0,0,2,1,0.00,0.29,0.29,0.00,0.29,0.5,0.5,0.5,1.1,0.16,0.15,0.31,0.16,0.31,Matches,33ecf462
592,Freddie Veseli,al ALB,DF,Salernitana,28,1992,9,8,596,6.6,0,0,0,0,0,3,1,0.00,0.00,0.00,0.00,0.00,0.0,0.0,0.0,0.0,0.01,0.00,0.01,0.01,0.01,Matches,d541e703
593,Guglielmo Vicario,it ITA,GK,Empoli,24,1996,38,38,3420,38.0,0,0,0,0,0,1,0,0.00,0.00,0.00,0.00,0.00,0.0,0.0,0.0,0.0,0.00,0.00,0.00,0.00,0.00,Matches,77d6fd4d
594,Arturo Vidal,cl CHI,MF,Inter,34,1987,28,2,741,8.2,1,1,1,0,0,3,0,0.12,0.12,0.24,0.12,0.24,2.3,2.3,2.0,4.3,0.28,0.24,0.52,0.28,0.52,Matches,67cdbc0e
595,Ronaldo Vieira,gw GNB,MF,Sampdoria,23,1998,14,4,495,5.5,0,0,0,0,0,3,0,0.00,0.00,0.00,0.00,0.00,,,,,,,,,,Matches,75e60d75
596,Luca Vignali,it ITA,DFMF,Spezia,25,1996,2,1,85,0.9,0,0,0,0,0,0,0,0.00,0.00,0.00,0.00,0.00,0.0,0.0,0.0,0.0,0.00,0.00,0.00,0.00,0.00,Matches,c1e8e74e
597,Emanuel Vignato,it ITA,MFDF,Bologna,20,2000,24,3,594,6.6,0,1,0,0,0,2,0,0.00,0.15,0.15,0.00,0.15,0.3,0.3,2.1,2.4,0.04,0.31,0.36,0.04,0.36,Matches,ec5dae45
598,Matías Viña,uy URU,DFFW,Roma,23,1997,26,18,1565,17.4,0,1,0,0,0,2,0,0.00,0.06,0.06,0.00,0.06,0.9,0.9,1.3,2.1,0.05,0.07,0.12,0.05,0.12,Matches,08eb3b58
599,Nicolas Viola,it ITA,MF,Bologna,31,1989,6,1,102,1.1,0,0,0,0,0,0,0,0.00,0.00,0.00,0.00,0.00,0.0,0.0,0.0,0.0,0.04,0.00,0.04,0.04,0.04,Matches,45392b06
600,Mattia Viti,it ITA,DF,Empoli,19,2002,20,16,1491,16.6,0,0,0,0,0,3,1,0.00,0.00,0.00,0.00,0.00,0.6,0.6,0.1,0.6,0.03,0.00,0.04,0.03,0.04,Matches,75438a9a
601,Dušan Vlahović,rs SRB,FW,Fiorentina,21,2000,21,21,1857,20.6,17,2,12,5,6,2,0,0.82,0.10,0.92,0.58,0.68,13.5,8.8,2.1,10.8,0.65,0.10,0.75,0.43,0.52,Matches,79443529
602,Dušan Vlahović,rs SRB,FW,Juventus,21,2000,15,12,1076,12.0,7,1,7,0,0,2,0,0.59,0.08,0.67,0.59,0.67,5.7,5.7,0.9,6.6,0.48,0.08,0.56,0.48,0.56,Matches,79443529
603,Mërgim Vojvoda,xk KVX,DF,Torino,26,1995,29,22,1976,22.0,0,3,0,0,0,3,0,0.00,0.14,0.14,0.00,0.14,1.5,1.5,2.4,3.9,0.07,0.11,0.18,0.07,0.18,Matches,be2706c0
604,Cristian Volpato,it ITA,FWMF,Roma,17,2003,3,0,38,0.4,1,0,1,0,0,0,0,2.37,0.00,2.37,2.37,2.37,0.1,0.1,0.1,0.2,0.28,0.13,0.41,0.28,0.41,Matches,72f87f25
605,Stefan de Vrij,nl NED,DF,Inter,29,1992,30,28,2410,26.8,0,0,0,0,0,3,0,0.00,0.00,0.00,0.00,0.00,2.9,2.9,0.0,2.9,0.11,0.00,0.11,0.11,0.11,Matches,d0d8dd44
606,Walace,br BRA,MF,Udinese,26,1995,36,33,2970,33.0,1,0,1,0,0,6,1,0.03,0.00,0.03,0.03,0.03,2.0,2.0,2.2,4.2,0.06,0.07,0.13,0.06,0.13,Matches,26db8853
607,Sebastian Walukiewicz,pl POL,DF,Cagliari,21,2000,7,4,302,3.4,0,0,0,0,0,1,0,0.00,0.00,0.00,0.00,0.00,0.3,0.3,0.0,0.3,0.09,0.01,0.09,0.09,0.09,Matches,217875a4
608,Magnus Warming,dk DEN,MFFW,Torino,21,2000,4,0,58,0.6,0,0,0,0,0,0,0,0.00,0.00,0.00,0.00,0.00,0.0,0.0,0.0,0.0,0.00,0.00,0.00,0.00,0.00,Matches,55e098cd
609,Kelvin Yeboah,it ITA,FWMF,Genoa,21,2000,17,9,850,9.4,0,1,0,0,0,2,0,0.00,0.11,0.11,0.00,0.11,1.5,1.5,1.5,3.0,0.16,0.16,0.32,0.16,0.32,Matches,ea0893d6
610,Gerard Yepes,es ESP,MFDF,Sampdoria,18,2002,4,0,21,0.2,0,0,0,0,0,0,0,0.00,0.00,0.00,0.00,0.00,0.0,0.0,0.0,0.0,0.00,0.00,0.00,0.00,0.00,Matches,ee9040b4
611,Maya Yoshida,jp JPN,DF,Sampdoria,32,1988,26,19,1823,20.3,2,3,2,0,0,2,0,0.10,0.15,0.25,0.10,0.25,1.2,1.2,1.4,2.6,0.06,0.07,0.13,0.06,0.13,Matches,caffaf5a
612,Mattia Zaccagni,it ITA,MF,Hellas Verona,26,1995,2,2,180,2.0,2,0,1,1,1,0,0,1.00,0.00,1.00,0.50,0.50,1.3,0.5,1.1,1.6,0.65,0.55,1.19,0.25,0.80,Matches,d85c238b
613,Mattia Zaccagni,it ITA,FW,Lazio,26,1995,29,21,1876,20.8,4,5,4,0,0,6,0,0.19,0.24,0.43,0.19,0.43,3.7,3.7,3.2,6.9,0.18,0.15,0.33,0.18,0.33,Matches,d85c238b
614,Denis Zakaria,ch SUI,MF,Juventus,24,1996,9,6,597,6.6,1,1,1,0,0,1,0,0.15,0.15,0.30,0.15,0.30,1.4,1.4,0.3,1.6,0.21,0.04,0.25,0.21,0.25,Matches,384d58d9
615,Nicola Zalewski,pl POL,DF,Roma,19,2002,16,9,793,8.8,0,0,0,0,0,1,0,0.00,0.00,0.00,0.00,0.00,0.6,0.6,0.6,1.1,0.07,0.06,0.13,0.07,0.13,Matches,45191c29
616,Andre-Frank Zambo Anguissa,cm CMR,MF,Napoli,25,1995,25,21,1926,21.4,0,1,0,0,0,5,0,0.00,0.05,0.05,0.00,0.05,1.5,1.5,1.4,3.0,0.07,0.07,0.14,0.07,0.14,Matches,6bb2c084
617,Nicolò Zaniolo,it ITA,FWMF,Roma,22,1999,28,23,1971,21.9,2,1,2,0,0,12,2,0.09,0.05,0.14,0.09,0.14,6.2,6.2,3.6,9.8,0.28,0.16,0.45,0.28,0.45,Matches,9907b1c8
618,Alessandro Zanoli,it ITA,DF,Napoli,20,2000,12,5,457,5.1,0,0,0,0,0,2,0,0.00,0.00,0.00,0.00,0.00,0.0,0.0,0.1,0.1,0.00,0.02,0.02,0.00,0.02,Matches,3b12b11f
619,Mattia Zanotti,it ITA,DF,Inter,18,2003,1,0,9,0.1,0,0,0,0,0,0,0,0.00,0.00,0.00,0.00,0.00,0.0,0.0,0.1,0.1,0.00,0.88,0.88,0.00,0.88,Matches,875d65d1
620,Duván Zapata,co COL,FW,Atalanta,30,1991,24,20,1722,19.1,10,4,7,3,3,3,0,0.52,0.21,0.73,0.37,0.57,15.2,12.8,5.4,18.2,0.79,0.28,1.07,0.67,0.95,Matches,d3de9af0
621,Gabriele Zappa,it ITA,DF,Cagliari,21,1999,25,11,1144,12.7,0,0,0,0,0,4,1,0.00,0.00,0.00,0.00,0.00,0.5,0.5,0.7,1.2,0.04,0.06,0.10,0.04,0.10,Matches,ca3db240
622,Davide Zappacosta,it ITA,DF,Atalanta,29,1992,34,29,2345,26.1,1,5,1,0,0,6,0,0.04,0.19,0.23,0.04,0.23,2.8,2.8,4.7,7.5,0.11,0.18,0.29,0.11,0.29,Matches,7fe90ccd
623,Simone Zaza,it ITA,FWDF,Torino,30,1991,10,0,129,1.4,0,0,0,0,0,1,0,0.00,0.00,0.00,0.00,0.00,0.9,0.9,0.0,0.9,0.66,0.00,0.66,0.66,0.66,Matches,9592289a
624,Marvin Zeegelaar,nl NED,DF,Udinese,30,1990,14,6,643,7.1,0,0,0,0,0,2,0,0.00,0.00,0.00,0.00,0.00,0.2,0.2,0.0,0.2,0.03,0.00,0.03,0.03,0.03,Matches,8abd0c03
625,Piotr Zieliński,pl POL,MF,Napoli,27,1994,35,26,2086,23.2,6,5,6,0,0,1,0,0.26,0.22,0.47,0.26,0.47,4.0,4.0,4.7,8.8,0.17,0.20,0.38,0.17,0.38,Matches,a5296e55
626,David Zima,cz CZE,DF,Torino,20,2000,20,13,1314,14.6,0,0,0,0,0,3,0,0.00,0.00,0.00,0.00,0.00,0.9,0.9,0.6,1.5,0.06,0.04,0.11,0.06,0.11,Matches,acf7e795
627,Jeroen Zoet,nl NED,GK,Spezia,30,1991,7,7,630,7.0,0,0,0,0,0,0,0,0.00,0.00,0.00,0.00,0.00,0.0,0.0,0.0,0.0,0.00,0.00,0.00,0.00,0.00,Matches,cc1a0c57
628,Nadir Zortea,it ITA,DFMF,Salernitana,22,1999,29,13,1410,15.7,1,2,1,0,0,3,0,0.06,0.13,0.19,0.06,0.19,0.8,0.8,1.6,2.4,0.05,0.11,0.16,0.05,0.16,Matches,82598b71
629,Petar Zovko,ba BIH,GK,Spezia,19,2002,1,0,29,0.3,0,0,0,0,0,1,0,0.00,0.00,0.00,0.00,0.00,0.0,0.0,0.0,0.0,0.00,0.00,0.00,0.00,0.00,Matches,54f6afe3
630,Szymon Żurkowski,pl POL,MF,Empoli,23,1997,35,29,2307,25.6,6,2,6,0,0,5,0,0.23,0.08,0.31,0.23,0.31,4.6,4.6,1.8,6.4,0.18,0.07,0.25,0.18,0.25,Matches,4e1d5e59
631,Milan Đurić,ba BIH,FW,Salernitana,31,1990,33,23,2165,24.1,5,4,4,1,1,6,0,0.21,0.17,0.37,0.17,0.33,6.4,5.6,3.5,9.1,0.26,0.15,0.41,0.23,0.38,Matches,405f6586
632,Filip Đuričić,rs SRB,MFFW,Sassuolo,29,1992,12,9,671,7.5,2,1,2,0,0,1,0,0.27,0.13,0.40,0.27,0.40,2.1,2.1,1.6,3.7,0.28,0.21,0.49,0.28,0.49,Matches,eccbe56a