,,,,,,,Playing Time,Playing Time,Playing Time,Playing Time,Performance,Performance,Performance,Performance,Performance,Performance,Performance,Per 90 Minutes,Per 90 Minutes,Per 90 Minutes,Per 90 Minutes,Per 90 Minutes,Expected,Expected,Expected,Expected,Per 90 Minutes,Per 90 Minutes,Per 90 Minutes,Per 90 Minutes,Per 90 Minutes,,-additional
Rk,Player,Nation,Pos,Squad,Age,Born,MP,Starts,Min,90s,Gls,Ast,G-PK,PK,PKatt,CrdY,CrdR,Gls,Ast,G+A,G-PK,G+A-PK,xG,npxG,xAG,npxG+xAG,xG,xAG,xG+xAG,npxG,npxG+xAG,Matches,-9999
1,Dickson Abiama,ng NGA,FW,Greuther Fürth,22,1998,24,5,726,8.1,0,1,0,0,0,3,0,0.00,0.12,0.12,0.00,0.12,2.1,2.1,1.4,3.5,0.26,0.17,0.43,0.26,0.43,Matches,cadd666a
2,Ragnar Ache,de GER,MFFW,Eint Frankfurt,23,1998,13,1,259,2.9,0,1,0,0,0,0,0,0.00,0.35,0.35,0.00,0.35,0.6,0.6,0.5,1.1,0.20,0.18,0.38,0.20,0.38,Matches,dc38e3bc
3,Tyler Adams,us USA,MF,RB Leipzig,22,1999,24,12,1351,15.0,0,1,0,0,0,5,0,0.00,0.07,0.07,0.00,0.07,0.3,0.3,0.8,1.1,0.02,0.06,0.07,0.02,0.07,Matches,2b09d998
4,Sargis Adamyan,am ARM,FWMF,Hoffenheim,28,1993,13,2,331,3.7,1,0,1,0,0,0,0,0.27,0.00,0.27,0.27,0.27,0.4,0.4,0.5,0.9,0.12,0.13,0.25,0.12,0.25,Matches,22919e97
5,Amine Adli,fr FRA,FWMF,Leverkusen,21,2000,25,13,1256,14.0,3,2,3,0,0,3,0,0.21,0.14,0.36,0.21,0.36,4.8,4.8,2.0,6.8,0.34,0.15,0.49,0.34,0.49,Matches,dcfb17f4
6,Naouirou Ahamada,fr FRA,MFDF,Stuttgart,19,2002,3,0,61,0.7,0,0,0,0,0,0,0,0.00,0.00,0.00,0.00,0.00,0.0,0.0,0.0,0.0,0.00,0.00,0.00,0.00,0.00,Matches,a6c58494
7,Manuel Akanji,ch SUI,DF,Dortmund,26,1995,26,25,2261,25.1,1,0,1,0,0,3,0,0.04,0.00,0.04,0.04,0.04,1.9,1.9,0.1,2.0,0.08,0.01,0.08,0.08,0.08,Matches,89ac64a6
8,Kevin Akpoguma,ng NGA,DFFW,Hoffenheim,26,1995,26,19,1527,17.0,2,2,2,0,0,5,0,0.12,0.12,0.24,0.12,0.24,1.4,1.4,2.6,4.1,0.08,0.16,0.24,0.08,0.24,Matches,6ec6fde0
9,Lucas Alario,ar ARG,FW,Leverkusen,28,1992,27,5,655,7.3,6,0,6,0,1,2,0,0.82,0.00,0.82,0.82,0.82,6.2,5.4,1.2,6.6,0.85,0.16,1.02,0.75,0.91,Matches,834d0be5
10,Nadiem Amiri,de GER,MFFW,Leverkusen,24,1996,13,3,369,4.1,1,0,1,0,0,0,0,0.24,0.00,0.24,0.24,0.24,0.5,0.5,0.4,0.9,0.13,0.10,0.23,0.13,0.23,Matches,555d5edd
11,Sebastian Andersson,se SWE,FW,Köln,30,1991,26,13,1257,14.0,3,1,3,0,0,3,0,0.21,0.07,0.29,0.21,0.29,4.6,4.6,1.1,5.8,0.33,0.08,0.41,0.33,0.41,Matches,b4cf5806
12,Andrés Andrade Cedeño,pa PAN,DF,Arminia,22,1998,17,12,1046,11.6,0,0,0,0,0,4,0,0.00,0.00,0.00,0.00,0.00,0.4,0.4,0.3,0.6,0.03,0.02,0.06,0.03,0.06,Matches,6ea23758
13,Fredrik André Bjørkan,no NOR,DF,Hertha BSC,22,1998,9,2,353,3.9,0,0,0,0,0,1,0,0.00,0.00,0.00,0.00,0.00,0.0,0.0,0.1,0.1,0.00,0.02,0.02,0.00,0.02,Matches,3724baa1
14,Robert Andrich,de GER,MF,Leverkusen,26,1994,26,21,1817,20.2,4,2,4,0,0,5,1,0.20,0.10,0.30,0.20,0.30,3.8,3.4,1.4,4.8,0.19,0.07,0.26,0.17,0.24,Matches,e0b113a7
15,Angeliño,es ESP,DF,RB Leipzig,24,1997,29,26,2298,25.5,2,5,2,0,0,3,0,0.08,0.20,0.27,0.08,0.27,1.1,1.1,6.1,7.2,0.04,0.24,0.28,0.04,0.28,Matches,30941e96
16,Waldemar Anton,de GER,DF,Stuttgart,25,1996,29,29,2595,28.8,2,1,2,0,0,6,1,0.07,0.03,0.10,0.07,0.10,2.4,2.4,1.5,3.9,0.08,0.05,0.13,0.08,0.13,Matches,5e66fa06
17,Christopher Antwi-Adjei,gh GHA,FWMF,Bochum,27,1994,25,12,1130,12.6,1,1,1,0,0,2,0,0.08,0.08,0.16,0.08,0.16,2.8,2.8,1.1,3.9,0.23,0.09,0.31,0.23,0.31,Matches,0a3f6cde
18,Charles Aránguiz,cl CHI,MF,Leverkusen,32,1989,26,16,1578,17.5,1,4,1,0,0,2,0,0.06,0.23,0.29,0.06,0.29,1.7,1.7,1.5,3.2,0.10,0.08,0.18,0.10,0.18,Matches,56413b1f
19,Maximilian Arnold,de GER,MF,Wolfsburg,27,1994,34,34,2994,33.3,4,2,4,0,0,4,0,0.12,0.06,0.18,0.12,0.18,1.7,1.7,5.4,7.1,0.05,0.16,0.21,0.05,0.21,Matches,86e119e0
20,Takuma Asano,jp JPN,FWMF,Bochum,26,1994,27,20,1608,17.9,3,4,3,0,0,1,0,0.17,0.22,0.39,0.17,0.39,4.4,4.4,2.4,6.8,0.25,0.13,0.38,0.25,0.38,Matches,13ddc856
21,Santiago Ascacíbar,ar ARG,MF,Hertha BSC,24,1997,28,27,2375,26.4,0,1,0,0,0,5,0,0.00,0.04,0.04,0.00,0.04,0.9,0.9,0.6,1.5,0.03,0.02,0.06,0.03,0.06,Matches,e26fcca3
22,Fisnik Asllani,xk KVX,MFFW,Hoffenheim,18,2002,2,0,9,0.1,0,0,0,0,0,0,0,0.00,0.00,0.00,0.00,0.00,0.0,0.0,0.0,0.0,0.00,0.00,0.00,0.00,0.00,Matches,35f67a30
23,Simon Asta,de GER,DF,Greuther Fürth,20,2001,13,9,783,8.7,0,0,0,0,0,1,0,0.00,0.00,0.00,0.00,0.00,0.3,0.3,0.6,0.9,0.04,0.07,0.11,0.04,0.11,Matches,dfc85b89
24,Taiwo Awoniyi,ng NGA,FW,Union Berlin,23,1997,31,29,2174,24.2,15,1,13,2,2,1,0,0.62,0.04,0.66,0.54,0.58,13.7,12.2,3.0,15.2,0.57,0.12,0.69,0.50,0.63,Matches,e5478b87
25,Sardar Azmoun,ir IRN,FWMF,Leverkusen,26,1995,9,4,359,4.0,1,1,1,0,0,0,0,0.25,0.25,0.50,0.25,0.50,2.7,2.7,0.7,3.4,0.68,0.17,0.85,0.68,0.85,Matches,10549b49
26,Mitchel Bakker,nl NED,DF,Leverkusen,21,2000,25,19,1822,20.2,1,4,1,0,0,6,0,0.05,0.20,0.25,0.05,0.25,0.7,0.7,2.1,2.7,0.03,0.10,0.14,0.03,0.14,Matches,a8567629
27,Ridle Baku,de GER,DFFW,Wolfsburg,23,1998,34,28,2446,27.2,3,5,3,0,0,4,0,0.11,0.18,0.29,0.11,0.29,2.2,2.2,4.9,7.0,0.08,0.18,0.26,0.08,0.26,Matches,442b56fa
28,Aymen Barkok,ma MAR,MFDF,Eint Frankfurt,23,1998,5,2,160,1.8,0,0,0,0,0,0,0,0.00,0.00,0.00,0.00,0.00,0.0,0.0,0.0,0.1,0.02,0.01,0.04,0.02,0.04,Matches,a2a85828
29,Leandro Barreiro Martins,lu LUX,MF,Mainz 05,21,2000,31,20,1789,19.9,1,2,1,0,0,3,0,0.05,0.10,0.15,0.05,0.15,2.4,2.4,2.7,5.1,0.12,0.14,0.26,0.12,0.26,Matches,00242b75
30,Jacob Barrett Laursen,dk DEN,DF,Arminia,26,1994,24,20,1632,18.1,2,0,2,0,0,1,0,0.11,0.00,0.11,0.11,0.11,0.3,0.3,0.7,1.0,0.01,0.04,0.05,0.01,0.05,Matches,c0d3bd23
31,Abdourahmane Barry,fr FRA,DF,Greuther Fürth,21,2000,8,1,210,2.3,0,0,0,0,0,2,0,0.00,0.00,0.00,0.00,0.00,0.0,0.0,0.1,0.1,0.02,0.02,0.04,0.02,0.04,Matches,8df328f4
32,Maximilian Bauer,de GER,DF,Greuther Fürth,21,2000,26,18,1690,18.8,0,0,0,0,0,5,0,0.00,0.00,0.00,0.00,0.00,0.2,0.2,0.0,0.3,0.01,0.00,0.02,0.01,0.02,Matches,44a20f0c
33,Oliver Baumann,de GER,GK,Hoffenheim,31,1990,33,33,2970,33.0,0,0,0,0,0,1,0,0.00,0.00,0.00,0.00,0.00,0.0,0.0,0.0,0.0,0.00,0.00,0.00,0.00,0.00,Matches,47064058
34,Timo Baumgartl,de GER,DF,Union Berlin,25,1996,25,25,2166,24.1,1,2,1,0,0,5,0,0.04,0.08,0.12,0.04,0.12,1.8,1.8,1.0,2.9,0.08,0.04,0.12,0.08,0.12,Matches,bd7d2e6d
35,Julian Baumgartlinger,at AUT,MFFW,Leverkusen,33,1988,6,1,88,1.0,0,0,0,0,0,1,0,0.00,0.00,0.00,0.00,0.00,0.0,0.0,0.0,0.0,0.00,0.00,0.00,0.00,0.00,Matches,69374ff5
36,Christoph Baumgartner,at AUT,MFFW,Hoffenheim,21,1999,29,23,1888,21.0,7,2,7,0,0,5,0,0.33,0.10,0.43,0.33,0.43,7.6,7.6,3.6,11.2,0.36,0.17,0.53,0.36,0.53,Matches,437f2b00
37,Noah Joel Sarenren Bazee,ng NGA,MFFW,Augsburg,24,1996,14,1,241,2.7,1,0,1,0,0,1,0,0.37,0.00,0.37,0.37,0.37,0.7,0.7,0.3,1.0,0.27,0.10,0.37,0.27,0.37,Matches,fbbc8e15
38,Ihlas Bebou,tg TOG,FWDF,Hoffenheim,27,1994,28,25,2091,23.2,7,2,7,0,0,0,0,0.30,0.09,0.39,0.30,0.39,9.5,9.5,2.0,11.4,0.41,0.08,0.49,0.41,0.49,Matches,a53b661f
39,Sheraldo Becker,sr SUR,FWMF,Union Berlin,26,1995,28,22,1758,19.5,4,6,4,0,0,4,0,0.20,0.31,0.51,0.20,0.51,3.3,3.3,6.6,9.9,0.17,0.34,0.51,0.17,0.51,Matches,8eb55dbb
40,Kevin Behrens,de GER,FW,Union Berlin,30,1991,24,2,499,5.5,2,2,2,0,0,1,0,0.36,0.36,0.72,0.36,0.72,3.0,3.0,1.7,4.8,0.54,0.31,0.86,0.54,0.86,Matches,30ae134d
41,Ishak Belfodil,dz ALG,FW,Hertha BSC,29,1992,26,17,1636,18.2,5,2,4,1,1,1,0,0.28,0.11,0.39,0.22,0.33,4.3,3.5,2.8,6.2,0.23,0.15,0.39,0.19,0.34,Matches,ff182fdc
42,Stefan Bell,de GER,DF,Mainz 05,29,1991,33,33,2864,31.8,2,0,2,0,0,9,0,0.06,0.00,0.06,0.06,0.06,2.0,2.0,1.4,3.4,0.06,0.04,0.11,0.06,0.11,Matches,857a5abe
43,Armel Bella Kotchap,de GER,DF,Bochum,19,2001,22,20,1768,19.6,0,0,0,0,0,5,0,0.00,0.00,0.00,0.00,0.00,0.7,0.7,0.1,0.8,0.04,0.00,0.04,0.04,0.04,Matches,a39d11bc
44,Karim Bellarabi,de GER,FWMF,Leverkusen,31,1990,16,9,683,7.6,3,2,3,0,0,2,0,0.40,0.26,0.66,0.40,0.66,2.5,2.5,1.1,3.6,0.33,0.14,0.47,0.33,0.47,Matches,bee0bab1
45,Jude Bellingham,eng ENG,MF,Dortmund,18,2003,32,32,2790,31.0,3,8,3,0,0,9,0,0.10,0.26,0.35,0.10,0.35,5.2,5.2,5.3,10.5,0.17,0.17,0.34,0.17,0.34,Matches,57d88cf9
46,George Bello,us USA,DF,Arminia,19,2002,10,3,434,4.8,0,0,0,0,0,0,0,0.00,0.00,0.00,0.00,0.00,0.1,0.1,0.2,0.3,0.02,0.05,0.07,0.02,0.07,Matches,aca0a525
47,László Bénes,sk SVK,MF,M'Gladbach,23,1997,13,2,246,2.7,0,0,0,0,0,0,0,0.00,0.00,0.00,0.00,0.00,0.6,0.6,0.6,1.2,0.20,0.24,0.44,0.20,0.44,Matches,fe888e39
48,Keanan Bennetts,eng ENG,FWDF,M'Gladbach,22,1999,4,0,50,0.6,0,0,0,0,0,1,0,0.00,0.00,0.00,0.00,0.00,0.1,0.1,0.0,0.1,0.17,0.00,0.17,0.17,0.17,Matches,f4c7c708
49,Ramy Bensebaini,dz ALG,DF,M'Gladbach,26,1995,23,22,2020,22.4,4,1,2,2,2,6,0,0.18,0.04,0.22,0.09,0.13,4.1,2.5,1.3,3.8,0.18,0.06,0.24,0.11,0.17,Matches,378825c7
50,Louis Beyer,de GER,DF,M'Gladbach,21,2000,17,15,1384,15.4,0,0,0,0,0,5,0,0.00,0.00,0.00,0.00,0.00,0.6,0.6,0.3,0.9,0.04,0.02,0.06,0.04,0.06,Matches,9af1f9ff
51,Bartosz Bialek,pl POL,FWDF,Wolfsburg,19,2001,12,1,178,2.0,0,0,0,0,0,1,0,0.00,0.00,0.00,0.00,0.00,0.4,0.4,0.1,0.5,0.20,0.07,0.27,0.20,0.27,Matches,763b8b37
52,Ermin Bičakčić,ba BIH,DF,Hoffenheim,31,1990,1,0,5,0.1,0,0,0,0,0,0,0,0.00,0.00,0.00,0.00,0.00,0.0,0.0,0.0,0.0,0.00,0.00,0.00,0.00,0.00,Matches,7aac47fe
53,Tom Bischof,de GER,MF,Hoffenheim,16,2005,1,0,14,0.2,0,0,0,0,0,0,0,0.00,0.00,0.00,0.00,0.00,0.0,0.0,0.0,0.0,0.00,0.00,0.00,0.00,0.00,Matches,07d3bfec
54,Danny Blum,de GER,FW,Bochum,30,1991,13,2,346,3.8,2,0,2,0,0,0,0,0.52,0.00,0.52,0.52,0.52,0.9,0.9,1.3,2.2,0.24,0.34,0.58,0.24,0.58,Matches,eb61713c
55,Kevin-Prince Boateng,gh GHA,MFFW,Hertha BSC,34,1987,18,8,696,7.7,0,0,0,0,0,8,0,0.00,0.00,0.00,0.00,0.00,0.4,0.4,0.4,0.8,0.05,0.05,0.10,0.05,0.10,Matches,f4ec4fd0
56,Herbert Bockhorn,de GER,DF,Bochum,26,1995,18,7,850,9.4,0,0,0,0,0,1,0,0.00,0.00,0.00,0.00,0.00,0.4,0.4,0.4,0.8,0.05,0.04,0.09,0.05,0.09,Matches,5ad8c360
57,Jean-Paul Boëtius,nl NED,MF,Mainz 05,27,1994,33,19,1800,20.0,2,2,2,0,0,3,0,0.10,0.10,0.20,0.10,0.20,1.3,1.3,2.9,4.3,0.07,0.15,0.21,0.07,0.21,Matches,635f2732
58,Tarsis Bonga,de GER,MFFW,Bochum,24,1997,3,0,17,0.2,0,0,0,0,0,0,0,0.00,0.00,0.00,0.00,0.00,0.5,0.5,0.0,0.5,2.47,0.00,2.47,2.47,2.47,Matches,6ebbc28a
59,Solomon Bonnah,nl NED,DF,RB Leipzig,17,2003,1,0,6,0.1,0,0,0,0,0,0,0,0.00,0.00,0.00,0.00,0.00,0.0,0.0,0.0,0.0,0.00,0.00,0.00,0.00,0.00,Matches,dd7b6eb8
60,Sebastiaan Bornauw,be BEL,DF,Wolfsburg,22,1999,27,23,2007,22.3,1,0,1,0,0,4,0,0.04,0.00,0.04,0.04,0.04,1.2,1.2,0.3,1.5,0.05,0.01,0.07,0.05,0.07,Matches,01834aa0
61,Rafael Borré,co COL,FW,Eint Frankfurt,25,1995,31,28,2378,26.4,8,4,8,0,0,5,0,0.30,0.15,0.45,0.30,0.45,8.9,8.9,4.1,12.9,0.34,0.15,0.49,0.34,0.49,Matches,c68da769
62,Dedryck Boyata,be BEL,DF,Hertha BSC,30,1990,23,22,1898,21.1,0,0,0,0,0,1,1,0.00,0.00,0.00,0.00,0.00,0.9,0.9,0.3,1.1,0.04,0.01,0.05,0.04,0.05,Matches,7c473e12
63,Julian Brandt,de GER,MFFW,Dortmund,25,1996,31,22,2078,23.1,9,8,9,0,0,3,0,0.39,0.35,0.74,0.39,0.74,5.6,5.6,5.6,11.2,0.24,0.24,0.49,0.24,0.49,Matches,a167537f
64,Iker Bravo,es ESP,FW,Leverkusen,16,2005,1,0,12,0.1,0,0,0,0,0,0,0,0.00,0.00,0.00,0.00,0.00,0.0,0.0,0.0,0.0,0.00,0.00,0.00,0.00,0.00,Matches,db8c8860
65,Fabian Bredlow,de GER,GK,Stuttgart,26,1995,4,4,360,4.0,0,0,0,0,0,0,0,0.00,0.00,0.00,0.00,0.00,0.0,0.0,0.0,0.0,0.00,0.00,0.00,0.00,0.00,Matches,d28339cb
66,Josip Brekalo,hr CRO,FW,Wolfsburg,23,1998,1,0,21,0.2,0,1,0,0,0,0,0,0.00,4.29,4.29,0.00,4.29,0.0,0.0,0.4,0.4,0.00,1.91,1.91,0.00,1.91,Matches,d4a2533d
67,Brian Brobbey,nl NED,FWMF,RB Leipzig,19,2002,9,1,131,1.5,0,2,0,0,0,0,0,0.00,1.37,1.37,0.00,1.37,0.6,0.6,0.7,1.3,0.43,0.46,0.89,0.43,0.89,Matches,4c184730
68,John Brooks,us USA,DF,Wolfsburg,28,1993,31,29,2615,29.1,1,1,1,0,0,2,0,0.03,0.03,0.07,0.03,0.07,0.8,0.8,0.6,1.4,0.03,0.02,0.05,0.03,0.05,Matches,e27da244
69,Daniel Brosinski,de GER,DF,Mainz 05,33,1988,11,4,390,4.3,0,0,0,0,0,0,0,0.00,0.00,0.00,0.00,0.00,0.1,0.1,0.8,0.8,0.01,0.18,0.19,0.01,0.19,Matches,a7813ac4
70,Cédric Brunner,ch SUI,DF,Arminia,27,1994,27,26,2183,24.3,0,1,0,0,0,6,0,0.00,0.04,0.04,0.00,0.04,0.3,0.3,1.8,2.1,0.01,0.07,0.09,0.01,0.09,Matches,f0a37d36
71,Jacob Bruun Larsen,dk DEN,FWMF,Hoffenheim,22,1998,25,9,812,9.0,4,0,4,0,0,1,0,0.44,0.00,0.44,0.44,0.44,2.9,2.9,2.6,5.5,0.32,0.29,0.60,0.32,0.60,Matches,4e204552
72,Sascha Burchert,de GER,GK,Greuther Fürth,31,1989,14,14,1260,14.0,0,0,0,0,0,0,0,0.00,0.00,0.00,0.00,0.00,0.0,0.0,0.1,0.1,0.00,0.00,0.00,0.00,0.00,Matches,25bdea4b
73,Delano Burgzorg,nl NED,MF,Mainz 05,22,1998,3,0,27,0.3,1,0,1,0,0,0,0,3.33,0.00,3.33,3.33,3.33,0.4,0.4,0.0,0.4,1.20,0.00,1.20,1.20,1.20,Matches,05e2d5ea
74,Jonathan Burkardt,de GER,FWMF,Mainz 05,21,2000,34,32,2611,29.0,11,3,10,1,1,0,0,0.38,0.10,0.48,0.34,0.45,14.6,13.8,3.5,17.3,0.50,0.12,0.62,0.48,0.60,Matches,05f99a4a
75,Roman Bürki,ch SUI,GK,Dortmund,30,1990,1,1,90,1.0,0,0,0,0,0,0,0,0.00,0.00,0.00,0.00,0.00,0.0,0.0,0.0,0.0,0.00,0.00,0.00,0.00,0.00,Matches,9d12e142
76,Jamie Bynoe-Gittens,eng ENG,FW,Dortmund,16,2004,4,1,134,1.5,0,0,0,0,0,0,0,0.00,0.00,0.00,0.00,0.00,0.4,0.4,0.1,0.5,0.24,0.07,0.31,0.24,0.31,Matches,10745192
77,Daniel Caligiuri,it ITA,DFMF,Augsburg,33,1988,28,24,2004,22.3,4,2,1,3,3,4,0,0.18,0.09,0.27,0.04,0.13,4.6,2.3,2.5,4.8,0.21,0.11,0.32,0.10,0.21,Matches,d1273f09
78,Emre Can,de GER,DFMF,Dortmund,27,1994,24,19,1690,18.8,5,1,1,4,4,5,0,0.27,0.05,0.32,0.05,0.11,3.4,0.3,0.9,1.2,0.18,0.05,0.23,0.01,0.06,Matches,a65ce836
79,Koen Casteels,be BEL,GK,Wolfsburg,29,1992,28,28,2520,28.0,0,0,0,0,0,1,0,0.00,0.00,0.00,0.00,0.00,0.0,0.0,0.0,0.0,0.00,0.00,0.00,0.00,0.00,Matches,db401046
80,Gonzalo Castro,de GER,MFFW,Arminia,34,1987,12,4,436,4.8,1,1,1,0,0,0,0,0.21,0.21,0.41,0.21,0.41,0.9,0.9,0.4,1.3,0.18,0.08,0.26,0.18,0.26,Matches,68829001
81,Julian Chabot,de GER,DF,Köln,23,1998,4,2,209,2.3,0,0,0,0,0,1,0,0.00,0.00,0.00,0.00,0.00,0.0,0.0,0.0,0.0,0.00,0.00,0.00,0.00,0.00,Matches,ae7058f9
82,Timothy Chandler,us USA,DF,Eint Frankfurt,31,1990,17,15,1212,13.5,0,0,0,0,0,4,0,0.00,0.00,0.00,0.00,0.00,0.7,0.7,0.9,1.6,0.05,0.07,0.12,0.05,0.12,Matches,b3b7f5a6
83,Justin Che,us USA,FWDF,Hoffenheim,17,2003,2,0,41,0.5,0,0,0,0,0,0,0,0.00,0.00,0.00,0.00,0.00,0.1,0.1,0.0,0.1,0.30,0.00,0.30,0.30,0.30,Matches,3c569f37
84,Max Christiansen,de GER,MF,Greuther Fürth,24,1996,27,22,2054,22.8,0,0,0,0,0,5,0,0.00,0.00,0.00,0.00,0.00,0.5,0.5,0.7,1.2,0.02,0.03,0.05,0.02,0.05,Matches,e7b899b8
85,Kingsley Coman,fr FRA,FWDF,Bayern Munich,25,1996,21,16,1359,15.1,6,2,6,0,0,1,1,0.40,0.13,0.53,0.40,0.53,4.6,4.6,3.4,8.0,0.30,0.23,0.53,0.30,0.53,Matches,042e8a49
86,Lucas Copado,de GER,FW,Bayern Munich,17,2004,1,0,16,0.2,0,0,0,0,0,0,0,0.00,0.00,0.00,0.00,0.00,0.1,0.1,0.0,0.1,0.36,0.00,0.36,0.36,0.36,Matches,8356931a
87,Sergio Córdova,ve VEN,FWMF,Augsburg,23,1997,13,2,328,3.6,0,0,0,0,0,2,0,0.00,0.00,0.00,0.00,0.00,0.7,0.7,0.1,0.8,0.19,0.03,0.22,0.19,0.22,Matches,229cd98a
88,Danny da Costa,de GER,DFMF,Eint Frankfurt,28,1993,11,7,725,8.1,0,0,0,0,0,2,0,0.00,0.00,0.00,0.00,0.00,0.2,0.2,0.1,0.3,0.02,0.02,0.04,0.02,0.04,Matches,5ddb8f9f
89,Tanguy Coulibaly,fr FRA,FWMF,Stuttgart,20,2001,21,11,1079,12.0,0,1,0,0,0,8,0,0.00,0.08,0.08,0.00,0.08,1.2,1.2,1.0,2.2,0.10,0.08,0.19,0.10,0.19,Matches,05ba9d7c
90,Mickaël Cuisance,fr FRA,MF,Bayern Munich,21,1999,1,0,13,0.1,0,0,0,0,0,0,0,0.00,0.00,0.00,0.00,0.00,0.0,0.0,0.5,0.5,0.00,3.52,3.52,0.00,3.52,Matches,5722eced
91,Matheus Cunha,br BRA,FW,Hertha BSC,22,1999,1,1,64,0.7,0,1,0,0,0,0,0,0.00,1.41,1.41,0.00,1.41,0.2,0.2,0.9,1.1,0.28,1.26,1.54,0.28,1.54,Matches,dc62b55d
92,Rafael Czichos,de GER,DF,Köln,31,1990,17,16,1402,15.6,0,1,0,0,0,4,0,0.00,0.06,0.06,0.00,0.06,0.1,0.1,0.3,0.4,0.01,0.02,0.03,0.01,0.03,Matches,b0a0698b
93,Lennart-Marten Czyborra,de GER,DF,Arminia,22,1999,4,1,131,1.5,0,0,0,0,0,1,0,0.00,0.00,0.00,0.00,0.00,0.0,0.0,0.0,0.0,0.00,0.00,0.00,0.00,0.00,Matches,7ba1f1ef
94,Moanes Dabbur,il ISR,FWMF,Hoffenheim,29,1992,27,17,1310,14.6,3,4,3,0,0,5,0,0.21,0.27,0.48,0.21,0.48,5.1,5.1,2.8,7.8,0.35,0.19,0.54,0.35,0.54,Matches,eac044ad
95,Finn Dahmen,de GER,GK,Mainz 05,23,1998,2,2,180,2.0,0,0,0,0,0,0,0,0.00,0.00,0.00,0.00,0.00,0.0,0.0,0.0,0.0,0.00,0.00,0.00,0.00,0.00,Matches,dee3013b
96,Mahmoud Dahoud,de GER,MF,Dortmund,25,1996,22,20,1658,18.4,2,3,2,0,0,7,1,0.11,0.16,0.27,0.11,0.27,1.3,1.3,3.3,4.6,0.07,0.18,0.25,0.07,0.25,Matches,db4ed67b
97,Márton Dárdai,de GER,DF,Hertha BSC,19,2002,12,9,755,8.4,0,1,0,0,0,2,0,0.00,0.12,0.12,0.00,0.12,0.2,0.2,0.2,0.4,0.02,0.03,0.05,0.02,0.05,Matches,41bff4fa
98,Vladimír Darida,cz CZE,MF,Hertha BSC,30,1990,25,23,1786,19.8,2,5,2,0,0,6,0,0.10,0.25,0.35,0.10,0.35,1.9,1.9,3.5,5.4,0.10,0.17,0.27,0.10,0.27,Matches,3eb0f2df
99,Alphonso Davies,ca CAN,DF,Bayern Munich,20,2000,22,20,1740,19.3,0,3,0,0,0,3,0,0.00,0.16,0.16,0.00,0.16,2.2,2.2,4.1,6.3,0.11,0.21,0.33,0.11,0.33,Matches,d781d855
100,Saulo Decarli,ch SUI,DF,Bochum,29,1992,1,0,9,0.1,0,0,0,0,0,0,0,0.00,0.00,0.00,0.00,0.00,0.1,0.1,0.0,0.1,0.54,0.00,0.54,0.54,0.54,Matches,41df88b8
101,Thomas Delaney,dk DEN,MF,Dortmund,29,1991,1,0,18,0.2,0,0,0,0,0,0,0,0.00,0.00,0.00,0.00,0.00,0.0,0.0,0.0,0.0,0.00,0.00,0.00,0.00,0.00,Matches,fe641c1a
102,Kerem Demirbay,de GER,MF,Leverkusen,28,1993,29,23,2049,22.8,1,4,0,1,2,10,0,0.04,0.18,0.22,0.00,0.18,3.8,2.2,5.1,7.3,0.17,0.22,0.39,0.10,0.32,Matches,54b4dc4e
103,Ermedin Demirović,ba BIH,FW,Freiburg,23,1998,31,9,871,9.7,2,3,2,0,0,4,0,0.21,0.31,0.52,0.21,0.52,3.3,3.3,1.7,5.0,0.34,0.17,0.52,0.34,0.52,Matches,ed79b7d3
104,Mike van der Hoorn,nl NED,DF,Arminia,28,1992,1,0,14,0.2,0,0,0,0,0,0,0,0.00,0.00,0.00,0.00,0.00,0.0,0.0,0.0,0.0,0.00,0.00,0.00,0.00,0.00,Matches,25f50295
105,Moussa Diaby,fr FRA,FWMF,Leverkusen,22,1999,32,32,2760,30.7,13,12,13,0,1,10,1,0.42,0.39,0.82,0.42,0.82,8.4,7.7,9.9,17.6,0.28,0.32,0.60,0.25,0.57,Matches,aeed5c06
106,Daniel Didavi,de GER,MFFW,Stuttgart,31,1990,10,2,277,3.1,0,1,0,0,0,1,0,0.00,0.32,0.32,0.00,0.32,0.9,0.9,0.7,1.7,0.31,0.23,0.54,0.31,0.54,Matches,d3096421
107,Javairô Dilrosun,nl NED,FW,Hertha BSC,23,1998,2,1,138,1.5,0,0,0,0,0,0,0,0.00,0.00,0.00,0.00,0.00,0.1,0.1,0.0,0.1,0.04,0.00,0.04,0.04,0.04,Matches,34a0f5ff
108,Lee Dongjun,kr KOR,MFFW,Hertha BSC,24,1997,4,1,118,1.3,0,0,0,0,0,0,0,0.00,0.00,0.00,0.00,0.00,0.3,0.3,0.0,0.3,0.24,0.00,0.24,0.24,0.24,Matches,96d0b6f0
109,Niklas Dorsch,de GER,MF,Augsburg,23,1998,30,27,2324,25.8,1,0,1,0,0,8,0,0.04,0.00,0.04,0.04,0.04,0.3,0.3,0.7,1.0,0.01,0.03,0.04,0.01,0.04,Matches,7f73bdf4
110,Ondrej Duda,sk SVK,MFFW,Köln,26,1994,31,20,1611,17.9,2,0,2,0,0,5,0,0.11,0.00,0.11,0.11,0.11,4.7,4.7,2.6,7.3,0.26,0.15,0.41,0.26,0.41,Matches,79ca3e23
111,Jeremy Dudziak,tn TUN,MFFW,Greuther Fürth,25,1995,22,15,1134,12.6,2,0,2,0,0,1,0,0.16,0.00,0.16,0.16,0.16,2.5,2.5,1.4,3.9,0.20,0.11,0.31,0.20,0.31,Matches,5a8d6540
112,Erik Durm,de GER,DF,Eint Frankfurt,29,1992,7,7,474,5.3,0,1,0,0,0,1,0,0.00,0.19,0.19,0.00,0.19,0.0,0.0,0.4,0.4,0.00,0.07,0.08,0.00,0.08,Matches,cf623c78
113,Maximilian Eggestein,de GER,MF,Freiburg,24,1996,31,26,2194,24.4,1,2,1,0,0,2,0,0.04,0.08,0.12,0.04,0.12,1.4,1.4,1.4,2.8,0.06,0.06,0.11,0.06,0.11,Matches,beb882a8
114,Lilian Egloff,de GER,MFDF,Stuttgart,18,2002,4,0,31,0.3,0,0,0,0,0,0,0,0.00,0.00,0.00,0.00,0.00,0.0,0.0,0.2,0.2,0.00,0.42,0.42,0.00,0.42,Matches,2f7fec15
115,Kingsley Ehizibue,nl NED,DF,Köln,26,1995,16,6,681,7.6,0,1,0,0,0,2,0,0.00,0.13,0.13,0.00,0.13,0.3,0.3,0.9,1.2,0.03,0.13,0.16,0.03,0.16,Matches,76b2817e
116,Julian Eitschberger,de GER,DF,Hertha BSC,17,2004,1,1,45,0.5,0,0,0,0,0,0,0,0.00,0.00,0.00,0.00,0.00,0.0,0.0,0.0,0.0,0.00,0.00,0.00,0.00,0.00,Matches,943b9602
117,Jurgen Ekkelenkamp,nl NED,MFFW,Hertha BSC,21,2000,21,6,718,8.0,3,0,3,0,0,1,0,0.38,0.00,0.38,0.38,0.38,1.7,1.7,0.6,2.3,0.21,0.08,0.29,0.21,0.29,Matches,73d6a176
118,Nico Elvedi,ch SUI,DF,M'Gladbach,24,1996,28,28,2430,27.0,1,0,1,0,0,3,1,0.04,0.00,0.04,0.04,0.04,1.4,1.4,0.1,1.6,0.05,0.00,0.06,0.05,0.06,Matches,48035304
119,Breel Embolo,ch SUI,FWMF,M'Gladbach,24,1997,29,24,2166,24.1,9,3,9,0,0,3,0,0.37,0.12,0.50,0.37,0.50,8.7,8.7,5.5,14.1,0.36,0.23,0.59,0.36,0.59,Matches,0b4f388a
120,Keita Endo,jp JPN,MF,Union Berlin,23,1997,4,0,55,0.6,0,0,0,0,0,0,0,0.00,0.00,0.00,0.00,0.00,0.1,0.1,0.0,0.2,0.20,0.05,0.25,0.20,0.25,Matches,1a83027b
121,Wataru Endo,jp JPN,MF,Stuttgart,28,1993,33,33,2899,32.2,4,2,4,0,0,4,0,0.12,0.06,0.19,0.12,0.19,5.8,5.5,1.8,7.3,0.18,0.06,0.23,0.17,0.23,Matches,c149016b
122,Michael Esser,de GER,GK,Bochum,33,1987,3,3,270,3.0,0,0,0,0,0,0,0,0.00,0.00,0.00,0.00,0.00,0.0,0.0,0.0,0.0,0.00,0.00,0.00,0.00,0.00,Matches,83e0eeb4
123,Wahidullah Faghir,dk DEN,FW,Stuttgart,18,2003,6,0,123,1.4,1,0,1,0,0,0,0,0.73,0.00,0.73,0.73,0.73,0.5,0.5,0.0,0.5,0.33,0.00,0.33,0.33,0.33,Matches,93c9e7d9
124,Ömer Faruk Beyaz,tr TUR,DFMF,Stuttgart,17,2003,4,0,71,0.8,0,0,0,0,0,0,0,0.00,0.00,0.00,0.00,0.00,0.3,0.3,0.0,0.3,0.38,0.00,0.38,0.38,0.38,Matches,8307b663
125,Adrian Fein,de GER,MF,Greuther Fürth,22,1999,3,0,32,0.4,0,0,0,0,0,0,0,0.00,0.00,0.00,0.00,0.00,0.0,0.0,0.1,0.1,0.11,0.20,0.31,0.11,0.31,Matches,60097ff6
126,Ohis Felix Uduokhai,de GER,DF,Augsburg,23,1997,13,8,787,8.7,0,0,0,0,0,1,0,0.00,0.00,0.00,0.00,0.00,0.2,0.2,0.0,0.2,0.02,0.00,0.02,0.02,0.02,Matches,677da306
127,Edimilson Fernandes,ch SUI,MFFW,Arminia,25,1996,7,2,283,3.1,0,0,0,0,0,0,0,0.00,0.00,0.00,0.00,0.00,0.4,0.4,0.3,0.7,0.12,0.09,0.21,0.12,0.21,Matches,3bb625ac
128,Alfreð Finnbogason,is ISL,FW,Augsburg,32,1989,10,3,292,3.2,2,1,2,0,0,0,0,0.62,0.31,0.92,0.62,0.92,1.1,1.1,0.8,1.8,0.33,0.23,0.57,0.33,0.57,Matches,f9e7c4ac
129,Mark Flekken,nl NED,GK,Freiburg,28,1993,32,32,2880,32.0,0,0,0,0,0,0,0,0.00,0.00,0.00,0.00,0.00,0.0,0.0,0.1,0.1,0.00,0.00,0.00,0.00,0.00,Matches,a92ab7be
130,Emil Forsberg,se SWE,MF,RB Leipzig,29,1991,31,20,1706,19.0,6,2,2,4,4,2,0,0.32,0.11,0.42,0.11,0.21,8.6,5.5,4.0,9.5,0.45,0.21,0.67,0.29,0.50,Matches,9a2e0ccc
131,Philipp Förster,de GER,MFFW,Stuttgart,26,1995,20,11,967,10.7,2,1,2,0,0,4,0,0.19,0.09,0.28,0.19,0.28,3.0,3.0,1.2,4.2,0.27,0.11,0.39,0.27,0.39,Matches,76fa965f
132,Timothy Fosu-Mensah,nl NED,DF,Leverkusen,23,1998,6,0,145,1.6,0,0,0,0,0,0,0,0.00,0.00,0.00,0.00,0.00,0.0,0.0,0.6,0.6,0.00,0.38,0.38,0.00,0.38,Matches,a9142dc3
133,Raphael Framberger,de GER,DF,Augsburg,25,1995,23,9,848,9.4,0,0,0,0,0,3,0,0.00,0.00,0.00,0.00,0.00,0.0,0.0,0.6,0.7,0.01,0.06,0.07,0.01,0.07,Matches,626fab5f
134,Marvin Friedrich,de GER,DF,M'Gladbach,25,1995,8,7,600,6.7,0,0,0,0,0,1,0,0.00,0.00,0.00,0.00,0.00,0.4,0.4,0.0,0.4,0.06,0.00,0.06,0.06,0.06,Matches,b77f44a4
135,Marvin Friedrich,de GER,DF,Union Berlin,25,1995,13,13,1169,13.0,0,0,0,0,0,4,1,0.00,0.00,0.00,0.00,0.00,1.5,1.5,0.9,2.4,0.12,0.07,0.19,0.12,0.19,Matches,b77f44a4
136,Jeremie Frimpong,nl NED,DF,Leverkusen,20,2000,25,25,2052,22.8,1,6,1,0,0,6,0,0.04,0.26,0.31,0.04,0.31,1.0,1.0,4.5,5.5,0.04,0.20,0.24,0.04,0.24,Matches,74f2e748
137,Christian Früchtl,de GER,GK,Bayern Munich,21,2000,1,0,10,0.1,0,0,0,0,0,0,0,0.00,0.00,0.00,0.00,0.00,0.0,0.0,0.0,0.0,0.00,0.00,0.00,0.00,0.00,Matches,1940be91
138,Chris Führich,de GER,FWMF,Stuttgart,23,1998,25,21,1714,19.0,3,2,3,0,0,3,0,0.16,0.11,0.26,0.16,0.26,3.6,3.6,4.4,7.9,0.19,0.23,0.42,0.19,0.42,Matches,0cf778df
139,Marius Funk,de GER,GK,Greuther Fürth,25,1996,8,8,720,8.0,0,0,0,0,0,0,0,0.00,0.00,0.00,0.00,0.00,0.0,0.0,0.2,0.2,0.00,0.02,0.02,0.00,0.02,Matches,86314793
140,Stephan Fürstner,de GER,MF,Mainz 05,33,1987,1,0,5,0.1,0,0,0,0,0,0,0,0.00,0.00,0.00,0.00,0.00,0.0,0.0,0.0,0.0,0.00,0.00,0.00,0.00,0.00,Matches,18c2e247
141,Mijat Gaćinović,rs SRB,FWMF,Hoffenheim,26,1995,4,1,110,1.2,0,0,0,0,0,1,0,0.00,0.00,0.00,0.00,0.00,0.1,0.1,0.0,0.1,0.08,0.00,0.08,0.08,0.08,Matches,16daec92
142,Cristian Gamboa,cr CRC,DF,Bochum,31,1989,23,20,1722,19.1,1,0,1,0,0,6,0,0.05,0.00,0.05,0.05,0.05,0.1,0.1,1.2,1.3,0.01,0.06,0.07,0.01,0.07,Matches,f27680d9
143,Silvère Ganvoula M'Boussy,cg CGO,FW,Bochum,25,1996,9,0,153,1.7,0,0,0,0,0,0,0,0.00,0.00,0.00,0.00,0.00,0.7,0.7,0.0,0.7,0.40,0.00,0.40,0.40,0.40,Matches,6c731625
144,Linus Gechter,de GER,DF,Hertha BSC,17,2004,13,6,716,8.0,1,0,1,0,0,0,0,0.13,0.00,0.13,0.13,0.13,0.6,0.6,0.4,1.0,0.07,0.05,0.12,0.07,0.12,Matches,ad2b068c
145,Dennis Geiger,de GER,MF,Hoffenheim,23,1998,20,17,1377,15.3,2,2,2,0,0,6,0,0.13,0.13,0.26,0.13,0.26,1.2,1.2,2.4,3.6,0.08,0.16,0.24,0.08,0.24,Matches,37f606f0
146,Yannick Gerhardt,de GER,MFDF,Wolfsburg,27,1994,27,17,1574,17.5,1,3,1,0,0,2,0,0.06,0.17,0.23,0.06,0.23,2.1,2.1,1.6,3.7,0.12,0.09,0.21,0.12,0.21,Matches,62ab9184
147,Hamadi Al Ghaddioui,ma MAR,FW,Stuttgart,30,1990,10,7,498,5.5,2,2,2,0,0,2,0,0.36,0.36,0.72,0.36,0.72,1.8,1.8,0.9,2.7,0.33,0.17,0.49,0.33,0.49,Matches,5723931e
148,Niko Gießelmann,de GER,DFFW,Union Berlin,29,1991,28,25,2083,23.1,3,6,3,0,0,3,0,0.13,0.26,0.39,0.13,0.39,3.8,3.8,2.3,6.1,0.16,0.10,0.26,0.16,0.26,Matches,7242b495
149,Rafał Gikiewicz,pl POL,GK,Augsburg,33,1987,34,34,3060,34.0,0,0,0,0,0,0,0,0.00,0.00,0.00,0.00,0.00,0.0,0.0,0.2,0.2,0.00,0.01,0.01,0.00,0.01,Matches,17376543
150,Daniel Ginczek,de GER,MFFW,Wolfsburg,30,1991,2,0,13,0.1,0,0,0,0,0,0,0,0.00,0.00,0.00,0.00,0.00,0.1,0.1,0.0,0.1,1.02,0.00,1.02,1.02,1.02,Matches,e5f63987
151,Matthias Ginter,de GER,DF,M'Gladbach,27,1994,28,27,2355,26.2,1,0,1,0,0,2,0,0.04,0.00,0.04,0.04,0.04,2.6,2.6,2.2,4.8,0.10,0.09,0.19,0.10,0.19,Matches,f521b80a
152,Serge Gnabry,de GER,FWDF,Bayern Munich,26,1995,34,25,2185,24.3,14,5,14,0,0,0,0,0.58,0.21,0.78,0.58,0.78,9.2,9.2,8.1,17.3,0.38,0.33,0.71,0.38,0.71,Matches,88e357ef
153,Leon Goretzka,de GER,MF,Bayern Munich,26,1995,19,19,1396,15.5,3,3,3,0,0,0,0,0.19,0.19,0.39,0.19,0.39,5.0,5.0,2.6,7.6,0.32,0.17,0.49,0.32,0.49,Matches,cc86b9a3
154,Jeffrey Gouweleeuw,nl NED,DF,Augsburg,30,1991,29,29,2576,28.6,2,0,1,1,1,9,0,0.07,0.00,0.07,0.03,0.03,1.9,1.2,1.1,2.3,0.07,0.04,0.11,0.04,0.08,Matches,1025db8e
155,Jens Grahl,de GER,GK,Eint Frankfurt,32,1988,1,1,90,1.0,0,0,0,0,0,0,0,0.00,0.00,0.00,0.00,0.00,0.0,0.0,0.0,0.0,0.00,0.00,0.00,0.00,0.00,Matches,f26dee6b
156,Julian Green,us USA,MF,Greuther Fürth,26,1995,24,12,1054,11.7,0,0,0,0,0,2,0,0.00,0.00,0.00,0.00,0.00,0.8,0.8,0.8,1.5,0.06,0.06,0.13,0.06,0.13,Matches,ad1d6fa4
157,Michael Gregoritsch,at AUT,FWMF,Augsburg,27,1994,25,15,1392,15.5,9,0,8,1,1,3,0,0.58,0.00,0.58,0.52,0.52,5.6,4.8,1.2,6.1,0.36,0.08,0.44,0.31,0.39,Matches,8e235926
158,Sebastian Griesbeck,de GER,DFMF,Greuther Fürth,30,1990,29,28,2439,27.1,1,0,1,0,0,7,0,0.04,0.00,0.04,0.04,0.04,0.8,0.8,0.1,0.9,0.03,0.01,0.03,0.03,0.03,Matches,a8db7ebb
159,Sebastian Griesbeck,de GER,MF,Union Berlin,30,1990,1,0,9,0.1,0,0,0,0,0,0,0,0.00,0.00,0.00,0.00,0.00,0.0,0.0,0.0,0.0,0.00,0.00,0.00,0.00,0.00,Matches,a8db7ebb
160,Vincenzo Grifo,it ITA,MFFW,Freiburg,28,1993,34,33,2775,30.8,9,7,4,5,6,0,0,0.29,0.23,0.52,0.13,0.36,10.2,5.4,8.1,13.6,0.33,0.26,0.59,0.18,0.44,Matches,54e4866f
161,Lennart Grill,de GER,GK,Leverkusen,22,1999,1,1,90,1.0,0,0,0,0,0,0,0,0.00,0.00,0.00,0.00,0.00,0.0,0.0,0.0,0.0,0.00,0.00,0.00,0.00,0.00,Matches,37998008
162,Florian Grillitsch,at AUT,DFMF,Hoffenheim,25,1995,18,16,1496,16.6,0,0,0,0,0,7,0,0.00,0.00,0.00,0.00,0.00,0.7,0.7,0.7,1.4,0.04,0.04,0.08,0.04,0.08,Matches,ffbbc83b
163,Carlos Gruezo,ec ECU,MF,Augsburg,26,1995,17,9,970,10.8,0,0,0,0,0,7,0,0.00,0.00,0.00,0.00,0.00,0.6,0.6,0.2,0.8,0.05,0.02,0.07,0.05,0.07,Matches,f2dd9a21
164,Raphaël Guerreiro,pt POR,DF,Dortmund,27,1993,23,21,1795,19.9,4,2,3,1,1,1,0,0.20,0.10,0.30,0.15,0.25,3.1,2.3,2.3,4.6,0.16,0.12,0.27,0.12,0.23,Matches,048a1cbc
165,Josuha Guilavogui,fr FRA,MFDF,Wolfsburg,30,1990,15,10,942,10.5,0,0,0,0,0,4,0,0.00,0.00,0.00,0.00,0.00,0.8,0.8,0.2,0.9,0.08,0.01,0.09,0.08,0.09,Matches,e6c43eec
166,Péter Gulácsi,hu HUN,GK,RB Leipzig,31,1990,33,33,2967,33.0,0,0,0,0,0,1,0,0.00,0.00,0.00,0.00,0.00,0.0,0.0,0.0,0.0,0.00,0.00,0.00,0.00,0.00,Matches,bcb2ccd8
167,Manuel Gulde,de GER,DF,Freiburg,30,1991,20,14,1225,13.6,0,0,0,0,0,2,0,0.00,0.00,0.00,0.00,0.00,0.0,0.0,0.0,0.0,0.00,0.00,0.00,0.00,0.00,Matches,25ab9c9c
168,Robert Gumny,pl POL,DF,Augsburg,23,1998,28,27,2272,25.2,0,0,0,0,0,3,0,0.00,0.00,0.00,0.00,0.00,0.4,0.4,0.5,0.8,0.01,0.02,0.03,0.01,0.03,Matches,1df0c0b9
169,Christian Günter,de GER,DFMF,Freiburg,28,1993,34,34,3060,34.0,2,9,2,0,0,2,0,0.06,0.26,0.32,0.06,0.32,1.0,1.0,7.4,8.4,0.03,0.22,0.25,0.03,0.25,Matches,8593f88c
170,Lasse Günther,de GER,DF,Augsburg,18,2003,5,1,161,1.8,0,0,0,0,0,1,0,0.00,0.00,0.00,0.00,0.00,0.1,0.1,0.0,0.1,0.05,0.02,0.07,0.05,0.07,Matches,00672803
171,Joško Gvardiol,hr CRO,DF,RB Leipzig,19,2002,29,28,2409,26.8,2,2,2,0,0,7,0,0.07,0.07,0.15,0.07,0.15,2.7,2.7,2.2,4.9,0.10,0.08,0.18,0.10,0.18,Matches,5ad50391
172,Erling Haaland,no NOR,FW,Dortmund,21,2000,24,21,1911,21.2,22,8,16,6,6,3,0,1.04,0.38,1.41,0.75,1.13,18.4,13.7,6.0,19.7,0.87,0.28,1.15,0.65,0.93,Matches,1f44ac21
173,Janik Haberer,de GER,MF,Freiburg,27,1994,26,7,818,9.1,3,0,3,0,0,1,0,0.33,0.00,0.33,0.33,0.33,1.4,1.4,0.1,1.5,0.16,0.01,0.17,0.16,0.17,Matches,70dcf94d
174,Alexander Hack,de GER,DF,Mainz 05,27,1993,28,24,2074,23.0,3,1,3,0,0,6,1,0.13,0.04,0.17,0.13,0.17,2.8,2.8,1.6,4.5,0.12,0.07,0.19,0.12,0.19,Matches,a5ec3ede
175,Robin Hack,de GER,FWMF,Arminia,22,1998,30,13,1364,15.2,0,3,0,0,0,2,0,0.00,0.20,0.20,0.00,0.20,2.6,2.6,1.7,4.4,0.17,0.12,0.29,0.17,0.29,Matches,0174ba21
176,André Hahn,de GER,MFFW,Augsburg,30,1990,32,25,2101,23.3,5,2,5,0,0,5,0,0.21,0.09,0.30,0.21,0.30,3.7,3.7,1.9,5.6,0.16,0.08,0.24,0.16,0.24,Matches,cd82452e
177,Amadou Haidara,ml MLI,MF,RB Leipzig,23,1998,20,15,1326,14.7,3,1,3,0,0,2,0,0.20,0.07,0.27,0.20,0.27,1.1,1.1,0.9,2.0,0.07,0.06,0.13,0.07,0.13,Matches,92432bc6
178,Marcel Halstenberg,de GER,DF,RB Leipzig,29,1991,8,5,507,5.6,1,0,1,0,0,0,0,0.18,0.00,0.18,0.18,0.18,0.5,0.5,0.5,1.0,0.09,0.08,0.17,0.09,0.17,Matches,8ff2354e
179,Genki Haraguchi,jp JPN,MF,Union Berlin,30,1991,30,23,1755,19.5,2,6,2,0,0,2,0,0.10,0.31,0.41,0.10,0.41,3.0,3.0,2.0,5.1,0.16,0.10,0.26,0.16,0.26,Matches,f24ea523
180,Luis Hartwig,de GER,FW,Bochum,18,2002,1,0,2,0.0,0,0,0,0,0,0,0,0.00,0.00,0.00,0.00,0.00,0.0,0.0,0.0,0.0,0.00,0.00,0.00,0.00,0.00,Matches,a3f30508
181,Makoto Hasebe,jp JPN,DF,Eint Frankfurt,37,1984,18,12,1187,13.2,0,0,0,0,0,1,0,0.00,0.00,0.00,0.00,0.00,0.0,0.0,0.5,0.5,0.00,0.03,0.03,0.00,0.03,Matches,9ab16552
182,Thorgan Hazard,be BEL,FWDF,Dortmund,28,1993,23,14,1337,14.9,4,1,4,0,0,2,0,0.27,0.07,0.34,0.27,0.34,2.5,2.5,2.4,4.9,0.17,0.16,0.33,0.17,0.33,Matches,50871bcc
183,Jonas Hector,de GER,DF,Köln,31,1990,30,30,2553,28.4,0,6,0,0,0,3,0,0.00,0.21,0.21,0.00,0.21,1.6,1.6,4.8,6.4,0.06,0.17,0.23,0.06,0.23,Matches,c2009df3
184,Hwang Hee-chan,kr KOR,FW,RB Leipzig,25,1996,2,0,49,0.5,0,0,0,0,0,0,0,0.00,0.00,0.00,0.00,0.00,0.2,0.2,0.0,0.2,0.33,0.00,0.33,0.33,0.33,Matches,169fd162
185,Dominique Heintz,de GER,DF,Union Berlin,27,1993,7,7,467,5.2,0,0,0,0,0,0,0,0.00,0.00,0.00,0.00,0.00,0.3,0.3,0.0,0.3,0.06,0.00,0.06,0.06,0.06,Matches,699fb8db
186,Dominique Heintz,de GER,DF,Freiburg,27,1993,1,0,29,0.3,0,0,0,0,0,0,0,0.00,0.00,0.00,0.00,0.00,0.0,0.0,0.0,0.0,0.00,0.00,0.00,0.00,0.00,Matches,699fb8db
187,Benjamin Henrichs,de GER,DF,RB Leipzig,24,1997,22,12,1143,12.7,3,3,3,0,0,3,0,0.24,0.24,0.47,0.24,0.47,1.8,1.8,2.6,4.4,0.14,0.20,0.35,0.14,0.35,Matches,0a89e877
188,Lucas Hernández,fr FRA,DF,Bayern Munich,25,1996,25,25,2030,22.6,0,1,0,0,0,7,0,0.00,0.04,0.04,0.00,0.04,0.6,0.6,0.6,1.2,0.03,0.03,0.06,0.03,0.06,Matches,c3ee18ef
189,Patrick Herrmann,de GER,DFFW,M'Gladbach,30,1991,23,5,754,8.4,0,4,0,0,0,1,0,0.00,0.48,0.48,0.00,0.48,1.7,1.7,1.7,3.4,0.20,0.21,0.40,0.20,0.40,Matches,dfb6490a
190,Piero Hincapié,ec ECU,DF,Leverkusen,19,2002,27,20,1754,19.5,1,2,1,0,0,5,0,0.05,0.10,0.15,0.05,0.15,0.8,0.8,1.1,1.9,0.04,0.06,0.10,0.04,0.10,Matches,0c7a48f8
191,Martin Hinteregger,at AUT,DF,Eint Frankfurt,28,1992,27,25,2222,24.7,1,0,1,0,0,6,0,0.04,0.00,0.04,0.04,0.04,1.6,1.6,1.0,2.6,0.06,0.04,0.10,0.06,0.10,Matches,080440a4
192,Marwin Hitz,ch SUI,GK,Dortmund,33,1987,5,4,405,4.5,0,0,0,0,0,0,0,0.00,0.00,0.00,0.00,0.00,0.0,0.0,0.0,0.0,0.00,0.00,0.00,0.00,0.00,Matches,2e7ff968
193,Nicolas Höfler,de GER,MF,Freiburg,31,1990,30,30,2600,28.9,2,4,2,0,0,5,0,0.07,0.14,0.21,0.07,0.21,2.4,2.4,1.9,4.3,0.08,0.07,0.15,0.08,0.15,Matches,5d8e331f
194,Jonas Hofmann,de GER,MFFW,M'Gladbach,29,1992,26,24,2078,23.1,12,5,12,0,0,1,0,0.52,0.22,0.74,0.52,0.74,8.5,8.5,7.7,16.2,0.37,0.33,0.70,0.37,0.70,Matches,2903a856
195,Lucas Höler,de GER,FW,Freiburg,27,1994,34,30,2583,28.7,7,2,7,0,0,2,0,0.24,0.07,0.31,0.24,0.31,9.1,9.1,4.1,13.2,0.32,0.14,0.46,0.32,0.46,Matches,ca618d23
196,Gerrit Holtmann,ph PHI,FWMF,Bochum,26,1995,29,23,1840,20.4,5,4,5,0,0,0,0,0.24,0.20,0.44,0.24,0.44,4.8,4.8,5.2,10.0,0.24,0.26,0.49,0.24,0.49,Matches,2979c05a
197,Justin Hoogma,nl NED,DF,Greuther Fürth,23,1998,3,3,270,3.0,0,0,0,0,0,1,0,0.00,0.00,0.00,0.00,0.00,0.0,0.0,0.0,0.1,0.01,0.01,0.03,0.01,0.03,Matches,816192f0
198,Jannes Horn,de GER,DF,Köln,24,1997,11,3,478,5.3,0,0,0,0,0,2,0,0.00,0.00,0.00,0.00,0.00,0.1,0.1,0.4,0.6,0.02,0.08,0.10,0.02,0.10,Matches,2b83fa49
199,Timo Horn,de GER,GK,Köln,28,1993,13,13,1170,13.0,0,0,0,0,0,0,0,0.00,0.00,0.00,0.00,0.00,0.0,0.0,0.0,0.0,0.00,0.00,0.00,0.00,0.00,Matches,3cd9e95a
200,Lukáš Hrádecký,fi FIN,GK,Leverkusen,31,1989,32,32,2880,32.0,0,0,0,0,0,1,0,0.00,0.00,0.00,0.00,0.00,0.0,0.0,0.0,0.0,0.00,0.00,0.00,0.00,0.00,Matches,ad3389d5
201,Branimir Hrgota,se SWE,FW,Greuther Fürth,28,1993,34,33,2777,30.9,9,5,4,5,5,4,0,0.29,0.16,0.45,0.13,0.29,9.6,5.6,4.4,10.1,0.31,0.14,0.45,0.18,0.33,Matches,710fbdd1
202,Ajdin Hrustic,au AUS,MF,Eint Frankfurt,25,1996,23,9,964,10.7,2,0,2,0,0,2,0,0.19,0.00,0.19,0.19,0.19,1.8,1.8,0.9,2.6,0.16,0.08,0.25,0.16,0.25,Matches,1f2d714c
203,Timo Hübers,de GER,DF,Köln,25,1996,20,20,1740,19.3,1,0,1,0,0,7,0,0.05,0.00,0.05,0.05,0.05,1.7,1.7,0.0,1.7,0.09,0.00,0.09,0.09,0.09,Matches,94302c52
204,Benjamin Hübner,de GER,DF,Hoffenheim,32,1989,5,5,375,4.2,1,0,1,0,0,2,0,0.24,0.00,0.24,0.24,0.24,1.1,1.1,0.0,1.1,0.27,0.00,0.27,0.27,0.27,Matches,99de6b6f
205,Mats Hummels,de GER,DF,Dortmund,32,1988,23,20,1765,19.6,1,2,1,0,0,4,0,0.05,0.10,0.15,0.05,0.15,1.4,1.4,0.8,2.1,0.07,0.04,0.11,0.07,0.11,Matches,05d548d8
206,Iago,br BRA,DF,Augsburg,24,1997,28,26,2174,24.2,2,5,2,0,0,3,0,0.08,0.21,0.29,0.08,0.29,1.1,1.1,3.4,4.5,0.04,0.14,0.19,0.04,0.19,Matches,054849d2
207,Stefan Ilsanker,at AUT,DFMF,Eint Frankfurt,32,1989,12,3,266,3.0,0,0,0,0,0,1,0,0.00,0.00,0.00,0.00,0.00,0.4,0.4,0.0,0.4,0.13,0.00,0.13,0.13,0.13,Matches,8494acc4
208,Burak İnce,tr TUR,FW,Arminia,17,2004,5,1,139,1.5,0,0,0,0,0,0,0,0.00,0.00,0.00,0.00,0.00,0.6,0.6,0.0,0.6,0.36,0.03,0.39,0.36,0.39,Matches,683dec01
209,Marcus Ingvartsen,dk DEN,MF,Union Berlin,25,1996,2,2,122,1.4,0,0,0,0,0,0,0,0.00,0.00,0.00,0.00,0.00,0.1,0.1,0.0,0.1,0.08,0.00,0.08,0.08,0.08,Matches,271b8617
210,Marcus Ingvartsen,dk DEN,FWMF,Mainz 05,25,1996,26,6,680,7.6,6,0,5,1,1,2,0,0.79,0.00,0.79,0.66,0.66,4.0,3.2,0.4,3.7,0.53,0.06,0.59,0.42,0.48,Matches,271b8617
211,Hiroki Ito,jp JPN,DF,Stuttgart,22,1999,29,26,2348,26.1,1,1,1,0,0,2,0,0.04,0.04,0.08,0.04,0.08,0.8,0.8,1.2,2.0,0.03,0.05,0.08,0.03,0.08,Matches,204dded0
212,Cedric Itten,ch SUI,FW,Greuther Fürth,24,1996,12,7,635,7.1,2,0,2,0,0,1,0,0.28,0.00,0.28,0.28,0.28,2.6,2.6,0.1,2.7,0.37,0.02,0.39,0.37,0.39,Matches,ef233486
213,Gian-Luca Itter,de GER,DF,Greuther Fürth,22,1999,24,16,1455,16.2,0,1,0,0,0,3,0,0.00,0.06,0.06,0.00,0.06,0.4,0.4,1.0,1.3,0.02,0.06,0.08,0.02,0.08,Matches,e6c15f6e
214,Lee Jae-sung,kr KOR,MFFW,Mainz 05,28,1992,27,19,1436,16.0,4,3,4,0,0,3,0,0.25,0.19,0.44,0.25,0.44,3.4,3.4,2.1,5.5,0.21,0.13,0.35,0.21,0.35,Matches,34b0387f
215,Paul Jaeckel,de GER,DF,Union Berlin,23,1998,24,22,2047,22.7,0,0,0,0,0,5,0,0.00,0.00,0.00,0.00,0.00,0.1,0.1,0.7,0.8,0.01,0.03,0.04,0.01,0.04,Matches,a93b6f4e
216,Kristijan Jakić,hr CRO,MF,Eint Frankfurt,24,1997,26,21,1879,20.9,1,0,1,0,0,6,0,0.05,0.00,0.05,0.05,0.05,2.3,2.3,0.5,2.8,0.11,0.03,0.13,0.11,0.13,Matches,a8ee54ad
217,Tony Jantschke,de GER,DF,M'Gladbach,31,1990,3,3,225,2.5,0,0,0,0,0,0,0,0.00,0.00,0.00,0.00,0.00,0.1,0.1,0.0,0.1,0.03,0.00,0.03,0.03,0.03,Matches,34b54da7
218,Dennis Jastrzembski,pl POL,DFFW,Hertha BSC,21,2000,8,1,225,2.5,0,0,0,0,0,1,0,0.00,0.00,0.00,0.00,0.00,0.1,0.1,0.7,0.8,0.03,0.29,0.32,0.03,0.32,Matches,6bba916f
219,Fredrik Jensen,fi FIN,MFFW,Augsburg,23,1997,12,2,418,4.6,0,1,0,0,0,0,0,0.00,0.22,0.22,0.00,0.22,0.3,0.3,0.8,1.1,0.06,0.17,0.24,0.06,0.24,Matches,3eeb80e0
220,Marco John,de GER,DF,Hoffenheim,19,2002,2,0,42,0.5,0,0,0,0,0,0,0,0.00,0.00,0.00,0.00,0.00,0.0,0.0,0.0,0.0,0.00,0.00,0.00,0.00,0.00,Matches,d9e196bf
221,Stevan Jovetić,me MNE,FWMF,Hertha BSC,31,1989,18,13,1017,11.3,6,1,6,0,0,3,0,0.53,0.09,0.62,0.53,0.62,4.9,4.9,1.7,6.6,0.43,0.15,0.58,0.43,0.58,Matches,f36c432f
222,Gideon Jung,de GER,DF,Greuther Fürth,26,1994,5,1,142,1.6,0,0,0,0,0,0,0,0.00,0.00,0.00,0.00,0.00,0.0,0.0,0.0,0.0,0.00,0.00,0.00,0.00,0.00,Matches,a2e7de6f
223,Anton Kade,de GER,FWMF,Hertha BSC,17,2004,4,0,77,0.9,0,0,0,0,0,0,0,0.00,0.00,0.00,0.00,0.00,0.2,0.2,0.0,0.2,0.29,0.00,0.29,0.29,0.29,Matches,6d7598d5
224,Pavel Kadeřábek,cz CZE,DFMF,Hoffenheim,29,1992,19,14,1195,13.3,1,2,1,0,0,5,0,0.08,0.15,0.23,0.08,0.23,2.5,2.5,3.1,5.6,0.19,0.23,0.42,0.19,0.42,Matches,79c90e45
225,Florian Kainz,at AUT,MFFW,Köln,28,1992,32,31,2320,25.8,4,4,4,0,0,3,1,0.16,0.16,0.31,0.16,0.31,4.0,4.0,5.9,9.9,0.16,0.23,0.39,0.16,0.39,Matches,94c18565
226,Sasa Kalajdzic,at AUT,FW,Stuttgart,24,1997,15,13,1221,13.6,6,1,5,1,2,2,0,0.44,0.07,0.52,0.37,0.44,6.9,5.3,3.2,8.5,0.51,0.23,0.74,0.39,0.62,Matches,15f24fe7
227,Felix Kalu Nmecha,de GER,MFFW,Wolfsburg,20,2000,16,1,323,3.6,0,0,0,0,0,2,0,0.00,0.00,0.00,0.00,0.00,0.8,0.8,0.0,0.8,0.23,0.00,0.23,0.23,0.23,Matches,091c86e2
228,Daichi Kamada,jp JPN,MF,Eint Frankfurt,24,1996,32,23,2139,23.8,4,3,4,0,0,0,0,0.17,0.13,0.29,0.17,0.29,4.9,4.9,3.4,8.3,0.21,0.14,0.35,0.21,0.35,Matches,15b287da
229,Kevin Kampl,si SVN,MF,RB Leipzig,30,1990,27,25,1899,21.1,0,1,0,0,0,4,0,0.00,0.05,0.05,0.00,0.05,0.6,0.6,1.6,2.2,0.03,0.07,0.10,0.03,0.10,Matches,b825a650
230,Stefanos Kapino,gr GRE,GK,Arminia,27,1994,1,1,90,1.0,0,0,0,0,0,0,0,0.00,0.00,0.00,0.00,0.00,0.0,0.0,0.0,0.0,0.00,0.00,0.00,0.00,0.00,Matches,62ba5881
231,Atakan Karazor,de GER,MF,Stuttgart,24,1996,24,23,1898,21.1,0,1,0,0,0,9,1,0.00,0.05,0.05,0.00,0.05,0.4,0.4,1.2,1.6,0.02,0.06,0.08,0.02,0.08,Matches,5762be5c
232,Silas Katompa,cd COD,FWMF,Stuttgart,22,1998,9,3,277,3.1,0,0,0,0,0,0,0,0.00,0.00,0.00,0.00,0.00,0.1,0.1,0.0,0.1,0.02,0.00,0.02,0.02,0.02,Matches,de4cac2d
233,Noah Katterbach,de GER,DF,Köln,20,2001,1,0,16,0.2,0,0,0,0,0,0,0,0.00,0.00,0.00,0.00,0.00,0.0,0.0,0.0,0.0,0.00,0.00,0.00,0.00,0.00,Matches,e27de4fa
234,Yannik Keitel,de GER,MF,Freiburg,21,2000,12,5,504,5.6,0,0,0,0,0,1,0,0.00,0.00,0.00,0.00,0.00,1.2,1.2,0.2,1.3,0.21,0.03,0.24,0.21,0.24,Matches,d2c580ce
235,Marc-Oliver Kempf,de GER,DF,Hertha BSC,26,1995,12,12,1051,11.7,0,1,0,0,0,1,1,0.00,0.09,0.09,0.00,0.09,0.8,0.8,0.4,1.2,0.07,0.03,0.11,0.07,0.11,Matches,815c314f
236,Marc-Oliver Kempf,de GER,DF,Stuttgart,26,1995,12,10,840,9.3,3,0,3,0,0,2,0,0.32,0.00,0.32,0.32,0.32,1.3,1.3,0.7,2.0,0.14,0.08,0.22,0.14,0.22,Matches,815c314f
237,Rani Khedira,de GER,MF,Union Berlin,27,1994,32,32,2757,30.6,0,1,0,0,0,6,0,0.00,0.03,0.03,0.00,0.03,1.2,1.2,1.1,2.3,0.04,0.04,0.08,0.04,0.08,Matches,59e4b92e
238,Luca Kilian,de GER,FW,Mainz 05,21,1999,1,0,1,0.0,0,0,0,0,0,0,0,0.00,0.00,0.00,0.00,0.00,0.0,0.0,0.0,0.0,0.00,0.00,0.00,0.00,0.00,Matches,610aa1e9
239,Luca Kilian,de GER,DF,Köln,21,1999,30,25,2281,25.3,1,0,1,0,0,3,0,0.04,0.00,0.04,0.04,0.04,1.4,1.4,0.2,1.5,0.05,0.01,0.06,0.05,0.06,Matches,610aa1e9
240,Joshua Kimmich,de GER,MF,Bayern Munich,26,1995,28,28,2474,27.5,3,9,3,0,0,4,0,0.11,0.33,0.44,0.11,0.44,2.3,2.3,10.2,12.5,0.08,0.37,0.45,0.08,0.45,Matches,49296448
241,Philipp Klement,de GER,MF,Stuttgart,28,1992,6,3,338,3.8,1,0,1,0,0,0,0,0.27,0.00,0.27,0.27,0.27,0.3,0.3,1.1,1.4,0.08,0.28,0.36,0.08,0.36,Matches,0cddeaa7
242,Mateo Klimowicz,de GER,MFFW,Stuttgart,21,2000,15,7,603,6.7,0,1,0,0,0,2,0,0.00,0.15,0.15,0.00,0.15,1.1,1.1,0.5,1.6,0.17,0.07,0.24,0.17,0.24,Matches,2b7c56b4
243,Fabian Klos,de GER,FW,Arminia,33,1987,25,14,1420,15.8,3,1,1,2,2,2,1,0.19,0.06,0.25,0.06,0.13,5.1,3.5,1.3,4.8,0.32,0.08,0.41,0.22,0.31,Matches,e21042ae
244,Lukas Klostermann,de GER,DF,RB Leipzig,25,1996,23,17,1648,18.3,0,1,0,0,0,1,0,0.00,0.05,0.05,0.00,0.05,0.7,0.7,1.0,1.7,0.04,0.05,0.09,0.04,0.09,Matches,ca8033cb
245,Lukas Klünter,de GER,DF,Hertha BSC,25,1996,5,2,194,2.2,0,0,0,0,0,1,0,0.00,0.00,0.00,0.00,0.00,0.0,0.0,0.4,0.4,0.00,0.19,0.19,0.00,0.19,Matches,92948149
246,Ansgar Knauff,de GER,FWMF,Dortmund,19,2002,5,0,114,1.3,0,0,0,0,0,0,0,0.00,0.00,0.00,0.00,0.00,0.1,0.1,0.1,0.2,0.05,0.08,0.12,0.05,0.12,Matches,19a967ab
247,Ansgar Knauff,de GER,DFMF,Eint Frankfurt,19,2002,12,8,759,8.4,1,1,1,0,0,0,0,0.12,0.12,0.24,0.12,0.24,0.7,0.7,1.3,2.0,0.09,0.15,0.24,0.09,0.24,Matches,19a967ab
248,Robin Knoche,de GER,DF,Union Berlin,29,1992,33,33,2970,33.0,0,0,0,0,0,6,0,0.00,0.00,0.00,0.00,0.00,0.6,0.6,0.2,0.8,0.02,0.01,0.02,0.02,0.02,Matches,6bd5cd5d
249,Gregor Kobel,ch SUI,GK,Dortmund,23,1997,29,29,2565,28.5,0,0,0,0,0,0,0,0.00,0.00,0.00,0.00,0.00,0.0,0.0,0.0,0.0,0.00,0.00,0.00,0.00,0.00,Matches,cd59b9df
250,Dominik Kohr,de GER,MF,Mainz 05,27,1994,22,19,1614,17.9,0,3,0,0,0,10,2,0.00,0.17,0.17,0.00,0.17,1.6,1.6,1.2,2.8,0.09,0.07,0.16,0.09,0.16,Matches,0fbecd11
251,Kouadio Koné,fr FRA,MF,M'Gladbach,20,2001,27,26,2183,24.3,2,0,2,0,0,10,0,0.08,0.00,0.08,0.08,0.08,2.0,2.0,0.8,2.8,0.08,0.03,0.12,0.08,0.12,Matches,86574238
252,Odilon Kossonou,ci CIV,DF,Leverkusen,20,2001,27,20,1793,19.9,0,1,0,0,0,3,0,0.00,0.05,0.05,0.00,0.05,0.4,0.4,1.0,1.4,0.02,0.05,0.07,0.02,0.07,Matches,1f3afdcb
253,Filip Kostić,rs SRB,DFFW,Eint Frankfurt,28,1992,31,28,2522,28.0,4,9,4,0,0,2,0,0.14,0.32,0.46,0.14,0.46,3.5,3.5,10.5,14.0,0.12,0.38,0.50,0.12,0.50,Matches,b1cd37e6
254,Andrej Kramarić,hr CRO,FWMF,Hoffenheim,30,1991,32,30,2707,30.1,6,9,6,0,0,2,0,0.20,0.30,0.50,0.20,0.50,13.5,13.5,8.0,21.5,0.45,0.27,0.71,0.45,0.71,Matches,603cb947
255,Christoph Kramer,de GER,MF,M'Gladbach,30,1991,18,7,748,8.3,0,0,0,0,0,1,0,0.00,0.00,0.00,0.00,0.00,0.3,0.3,0.4,0.7,0.04,0.04,0.08,0.04,0.08,Matches,496aeede
256,Florian Krüger,de GER,FWMF,Arminia,22,1999,27,12,1129,12.5,1,2,1,0,0,0,0,0.08,0.16,0.24,0.08,0.24,2.0,2.0,1.3,3.3,0.16,0.10,0.27,0.16,0.27,Matches,f9f92b5f
257,Max Kruse,de GER,MFFW,Wolfsburg,33,1988,14,14,1128,12.5,7,1,5,2,2,0,0,0.56,0.08,0.64,0.40,0.48,5.8,4.2,1.9,6.1,0.46,0.15,0.61,0.33,0.49,Matches,f9446dcd
258,Max Kruse,de GER,FWMF,Union Berlin,33,1988,16,16,1270,14.1,5,4,2,3,3,1,0,0.35,0.28,0.64,0.14,0.43,4.9,2.5,4.6,7.2,0.35,0.33,0.67,0.18,0.51,Matches,f9446dcd
259,Lukas Kübler,de GER,DFMF,Freiburg,28,1992,29,27,2327,25.9,2,0,2,0,0,2,0,0.08,0.00,0.08,0.08,0.08,1.6,1.6,1.4,3.0,0.06,0.05,0.12,0.06,0.12,Matches,2a29eb9b
260,Fabian Kunze,de GER,MF,Arminia,23,1998,22,13,1260,14.0,0,0,0,0,0,9,0,0.00,0.00,0.00,0.00,0.00,0.6,0.6,0.3,1.0,0.05,0.02,0.07,0.05,0.07,Matches,d25fee56
261,Maxence Lacroix,fr FRA,DF,Wolfsburg,21,2000,29,29,2491,27.7,0,0,0,0,0,5,3,0.00,0.00,0.00,0.00,0.00,1.7,1.7,1.2,2.9,0.06,0.04,0.11,0.06,0.11,Matches,277c49ed
262,Konrad Laimer,at AUT,MF,RB Leipzig,24,1997,26,15,1240,13.8,4,4,4,0,0,2,0,0.29,0.29,0.58,0.29,0.58,2.4,2.4,2.5,4.9,0.17,0.18,0.36,0.17,0.36,Matches,c1b7847c
263,Stefan Lainer,at AUT,DF,M'Gladbach,28,1992,21,19,1471,16.3,1,2,1,0,0,2,0,0.06,0.12,0.18,0.06,0.18,0.8,0.8,2.3,3.1,0.05,0.14,0.19,0.05,0.19,Matches,4aea5077
264,Vassilis Lambropoulos,gr GRE,DF,Bochum,31,1990,13,13,1168,13.0,0,0,0,0,0,1,0,0.00,0.00,0.00,0.00,0.00,0.3,0.3,0.0,0.4,0.03,0.00,0.03,0.03,0.03,Matches,591477c9
265,Sam Lammers,nl NED,FWMF,Eint Frankfurt,24,1997,15,5,517,5.7,1,0,1,0,0,1,0,0.17,0.00,0.17,0.17,0.17,1.3,1.3,0.2,1.4,0.22,0.03,0.25,0.22,0.25,Matches,c283ddef
266,Bryan Lasme,fr FRA,FW,Arminia,22,1998,23,7,877,9.7,2,0,2,0,0,2,0,0.21,0.00,0.21,0.21,0.21,1.0,1.0,0.6,1.6,0.10,0.06,0.16,0.10,0.16,Matches,ebac0ace
267,Maxim Leitsch,de GER,DF,Bochum,23,1998,19,17,1538,17.1,1,0,1,0,0,2,0,0.06,0.00,0.06,0.06,0.06,1.1,1.1,0.4,1.5,0.06,0.02,0.09,0.06,0.09,Matches,7e12a98d
268,Tim Lemperle,de GER,FWMF,Köln,19,2002,13,0,149,1.7,2,0,2,0,0,0,0,1.21,0.00,1.21,1.21,1.21,1.5,1.5,1.0,2.5,0.91,0.59,1.50,0.91,1.50,Matches,792ffa71
269,Christopher Lenz,de GER,DF,Eint Frankfurt,26,1994,15,6,664,7.4,0,1,0,0,0,6,0,0.00,0.14,0.14,0.00,0.14,0.2,0.2,1.3,1.5,0.03,0.17,0.20,0.03,0.20,Matches,bbd86530
270,Robert Lewandowski,pl POL,FW,Bayern Munich,32,1988,34,34,2946,32.7,35,3,30,5,5,2,0,1.07,0.09,1.16,0.92,1.01,34.8,30.9,4.8,35.7,1.06,0.15,1.21,0.94,1.09,Matches,8d78e732
271,Jamie Leweling,de GER,FWMF,Greuther Fürth,20,2001,33,22,1959,21.8,5,1,5,0,0,3,0,0.23,0.05,0.28,0.23,0.28,4.6,4.6,1.7,6.4,0.21,0.08,0.29,0.21,0.29,Matches,13fe7b69
272,Philipp Lienhart,at AUT,DF,Freiburg,25,1996,32,32,2870,31.9,5,0,5,0,0,2,0,0.16,0.00,0.16,0.16,0.16,3.3,3.3,0.9,4.2,0.10,0.03,0.13,0.10,0.13,Matches,302527b2
273,Andreas Linde,se SWE,GK,Greuther Fürth,28,1993,12,12,1080,12.0,0,0,0,0,0,0,0,0.00,0.00,0.00,0.00,0.00,0.0,0.0,0.0,0.0,0.00,0.00,0.00,0.00,0.00,Matches,4d6a842d
274,Jesper Lindstrøm,dk DEN,MFFW,Eint Frankfurt,21,2000,29,26,1976,22.0,5,4,5,0,0,0,0,0.23,0.18,0.41,0.23,0.41,8.2,8.2,6.3,14.5,0.37,0.29,0.66,0.37,0.66,Matches,37dc1a48
275,Dejan Ljubicic,at AUT,MFFW,Köln,23,1997,30,22,1969,21.9,3,1,3,0,0,4,0,0.14,0.05,0.18,0.14,0.18,2.7,2.7,2.7,5.4,0.12,0.12,0.25,0.12,0.25,Matches,c455a2b2
276,Jürgen Locadia,nl NED,FWMF,Bochum,27,1993,11,4,444,4.9,2,1,1,1,1,0,0,0.41,0.20,0.61,0.20,0.41,2.1,1.4,1.1,2.4,0.43,0.21,0.65,0.27,0.49,Matches,6cc47ae1
277,Anthony Losilla,fr FRA,MF,Bochum,35,1986,33,33,2935,32.6,2,0,2,0,0,5,0,0.06,0.00,0.06,0.06,0.06,2.4,2.4,1.0,3.4,0.07,0.03,0.10,0.07,0.10,Matches,07c7eb0c
278,Marcel Lotka,pl POL,GK,Hertha BSC,20,2001,10,9,885,9.8,0,0,0,0,0,1,0,0.00,0.00,0.00,0.00,0.00,0.0,0.0,0.0,0.0,0.00,0.00,0.00,0.00,0.00,Matches,5584552e
279,Eduard Löwen,de GER,MF,Bochum,24,1997,26,15,1416,15.7,2,2,1,1,1,0,0,0.13,0.13,0.25,0.06,0.19,4.0,3.2,4.6,7.7,0.25,0.29,0.54,0.20,0.49,Matches,70678132
280,Anderson Lucoqui,ao ANG,DF,Mainz 05,24,1997,13,9,743,8.3,1,0,1,0,0,2,0,0.12,0.00,0.12,0.12,0.12,0.9,0.9,0.3,1.2,0.10,0.04,0.14,0.10,0.14,Matches,5569bf9a
281,Dodi Lukebakio,be BEL,FW,Hertha BSC,23,1997,3,2,176,2.0,1,0,0,1,1,0,0,0.51,0.00,0.51,0.00,0.00,1.2,0.4,0.0,0.4,0.61,0.00,0.61,0.21,0.21,Matches,0c61c77c
282,Dodi Lukebakio,be BEL,FWMF,Wolfsburg,23,1997,19,7,882,9.8,1,2,1,0,0,2,0,0.10,0.20,0.31,0.10,0.31,2.6,2.6,2.3,4.9,0.27,0.23,0.50,0.27,0.50,Matches,0c61c77c
283,Andrey Lunyov,ru RUS,GK,Leverkusen,29,1991,1,1,90,1.0,0,0,0,0,0,0,0,0.00,0.00,0.00,0.00,0.00,0.0,0.0,0.0,0.0,0.00,0.00,0.00,0.00,0.00,Matches,8a6ab963
284,Andreas Luthe,de GER,GK,Union Berlin,34,1987,27,27,2430,27.0,0,0,0,0,0,3,0,0.00,0.00,0.00,0.00,0.00,0.0,0.0,0.0,0.0,0.00,0.00,0.00,0.00,0.00,Matches,7fe12375
285,Matej Maglica,hr CRO,MF,Stuttgart,22,1998,1,0,6,0.1,0,0,0,0,0,0,0,0.00,0.00,0.00,0.00,0.00,0.0,0.0,0.0,0.0,0.00,0.00,0.00,0.00,0.00,Matches,36cf2caf
286,Arne Maier,de GER,MF,Augsburg,22,1999,29,21,1864,20.7,1,6,1,0,0,0,0,0.05,0.29,0.34,0.05,0.34,1.8,1.8,3.8,5.5,0.09,0.18,0.27,0.09,0.27,Matches,ab700320
287,Donyell Malen,nl NED,FW,Dortmund,22,1999,27,20,1684,18.7,5,3,5,0,0,2,0,0.27,0.16,0.43,0.27,0.43,5.2,5.2,3.7,8.9,0.28,0.20,0.48,0.28,0.48,Matches,864163f3
288,Lennard Maloney,us USA,DF,Dortmund,21,1999,2,0,9,0.1,0,0,0,0,0,0,0,0.00,0.00,0.00,0.00,0.00,0.0,0.0,0.0,0.0,0.00,0.45,0.45,0.00,0.45,Matches,75402e99
289,Orel Mangala,be BEL,MF,Stuttgart,23,1998,28,22,1853,20.6,1,3,1,0,0,4,0,0.05,0.15,0.19,0.05,0.19,2.0,2.0,3.0,5.1,0.10,0.15,0.25,0.10,0.25,Matches,a572e291
290,Myziane Maolida,fr FRA,FWMF,Hertha BSC,22,1999,14,9,776,8.6,1,1,1,0,0,0,0,0.12,0.12,0.23,0.12,0.23,1.6,1.6,0.3,2.0,0.19,0.04,0.23,0.19,0.23,Matches,706a60e1
291,Omar Marmoush,eg EGY,FW,Wolfsburg,22,1999,2,0,24,0.3,0,0,0,0,0,0,0,0.00,0.00,0.00,0.00,0.00,0.0,0.0,0.2,0.2,0.03,0.68,0.71,0.03,0.71,Matches,0e0102eb
292,Omar Marmoush,eg EGY,FW,Stuttgart,22,1999,21,19,1571,17.5,3,5,3,0,1,3,0,0.17,0.29,0.46,0.17,0.46,6.2,5.4,2.7,8.1,0.35,0.15,0.51,0.31,0.46,Matches,0e0102eb
293,Aarón Martín,es ESP,DF,Mainz 05,24,1997,28,25,2292,25.5,1,1,1,0,0,7,0,0.04,0.04,0.08,0.04,0.08,1.1,1.1,5.7,6.8,0.04,0.22,0.27,0.04,0.27,Matches,2f3e911a
294,Josep Martinez,es ESP,GK,RB Leipzig,23,1998,1,1,90,1.0,0,0,0,0,0,0,0,0.00,0.00,0.00,0.00,0.00,0.0,0.0,0.0,0.0,0.00,0.00,0.00,0.00,0.00,Matches,11d8aff0
295,Erhan Mašović,rs SRB,DF,Bochum,22,1998,20,17,1552,17.2,0,0,0,0,0,7,0,0.00,0.00,0.00,0.00,0.00,0.6,0.6,0.0,0.6,0.03,0.00,0.03,0.03,0.03,Matches,a396fb61
296,Roberto Massimo,de GER,DFFW,Stuttgart,20,2000,19,11,877,9.7,2,0,2,0,0,0,0,0.21,0.00,0.21,0.21,0.21,2.4,2.4,1.3,3.7,0.25,0.14,0.38,0.25,0.38,Matches,fc62fdf4
297,Konstantinos Mavropanos,gr GRE,DF,Stuttgart,23,1997,31,31,2705,30.1,4,0,4,0,0,3,0,0.13,0.00,0.13,0.13,0.13,3.0,3.0,0.6,3.6,0.10,0.02,0.12,0.10,0.12,Matches,00963611
298,Eric Maxim Choupo-Moting,cm CMR,FWMF,Bayern Munich,32,1989,20,1,377,4.2,4,2,4,0,0,0,0,0.95,0.48,1.43,0.95,1.43,2.2,2.2,1.4,3.6,0.53,0.34,0.87,0.53,0.87,Matches,0e6bc38c
299,Kevin Mbabu,ch SUI,DF,Wolfsburg,26,1995,24,14,1391,15.5,0,0,0,0,0,4,0,0.00,0.00,0.00,0.00,0.00,0.5,0.5,1.6,2.0,0.03,0.10,0.13,0.03,0.13,Matches,493924a7
300,Nathan de Medina,be BEL,DF,Arminia,23,1997,19,7,775,8.6,0,0,0,0,0,2,0,0.00,0.00,0.00,0.00,0.00,0.3,0.3,0.0,0.3,0.04,0.00,0.04,0.04,0.04,Matches,d686dbc0
301,Admir Mehmedi,ch SUI,DF,Wolfsburg,30,1991,1,0,4,0.0,0,0,0,0,0,0,0,0.00,0.00,0.00,0.00,0.00,0.0,0.0,0.0,0.0,0.00,0.00,0.00,0.00,0.00,Matches,b500b384
302,Jorge Meré,es ESP,DF,Köln,24,1997,8,5,490,5.4,0,0,0,0,0,2,0,0.00,0.00,0.00,0.00,0.00,0.0,0.0,0.0,0.0,0.00,0.01,0.01,0.00,0.01,Matches,9f979eb2
303,Thomas Meunier,be BEL,DF,Dortmund,29,1991,17,17,1402,15.6,2,4,2,0,0,4,0,0.13,0.26,0.39,0.13,0.39,1.5,1.5,2.6,4.1,0.10,0.17,0.27,0.10,0.27,Matches,e162b013
304,Marco Meyerhöfer,de GER,DF,Greuther Fürth,25,1995,26,25,2280,25.3,1,0,1,0,0,0,0,0.04,0.00,0.04,0.04,0.04,1.2,1.2,0.9,2.1,0.05,0.04,0.08,0.05,0.08,Matches,0b104510
305,Sven Michel,de GER,FW,Union Berlin,31,1990,13,2,338,3.8,3,1,3,0,0,2,0,0.80,0.27,1.07,0.80,1.07,1.6,1.6,1.2,2.8,0.43,0.31,0.74,0.43,0.74,Matches,1e274a0a
306,Enzo Millot,fr FRA,MF,Stuttgart,19,2002,6,0,53,0.6,0,1,0,0,0,0,0,0.00,1.70,1.70,0.00,1.70,0.0,0.0,0.2,0.2,0.00,0.32,0.32,0.00,0.32,Matches,f76022e7
307,Maximilian Mittelstädt,de GER,DFFW,Hertha BSC,24,1997,24,16,1493,16.6,0,5,0,0,0,3,0,0.00,0.30,0.30,0.00,0.30,0.5,0.5,3.1,3.6,0.03,0.19,0.22,0.03,0.22,Matches,88d4144a
308,Anthony Modeste,fr FRA,FW,Köln,33,1988,32,31,2606,29.0,20,4,19,1,1,4,0,0.69,0.14,0.83,0.66,0.79,19.3,18.5,3.2,21.7,0.67,0.11,0.78,0.64,0.75,Matches,34e4343c
309,Kevin Möhwald,de GER,MF,Union Berlin,28,1993,16,3,354,3.9,0,0,0,0,0,2,0,0.00,0.00,0.00,0.00,0.00,0.7,0.7,0.7,1.4,0.19,0.17,0.36,0.19,0.36,Matches,a5ce09f2
310,Clinton Mola,eng ENG,DF,Stuttgart,20,2001,3,1,113,1.3,0,0,0,0,0,0,0,0.00,0.00,0.00,0.00,0.00,0.0,0.0,0.0,0.0,0.00,0.00,0.00,0.00,0.00,Matches,29ddfb9c
311,Jan Morávek,cz CZE,MF,Augsburg,31,1989,17,5,471,5.2,0,0,0,0,0,1,0,0.00,0.00,0.00,0.00,0.00,0.9,0.9,0.6,1.5,0.17,0.12,0.29,0.17,0.29,Matches,e7d22eae
312,Ilaix Moriba,gn GUI,MF,RB Leipzig,18,2003,2,0,32,0.4,0,0,0,0,0,0,0,0.00,0.00,0.00,0.00,0.00,0.0,0.0,0.0,0.0,0.12,0.00,0.12,0.12,0.12,Matches,f4c69aa6
313,Youssoufa Moukoko,de GER,FWMF,Dortmund,16,2004,16,1,223,2.5,2,0,2,0,0,1,0,0.81,0.00,0.81,0.81,0.81,1.5,1.5,0.2,1.7,0.59,0.08,0.67,0.59,0.67,Matches,6ce43701
314,Nordi Mukiele,fr FRA,DFFW,RB Leipzig,23,1997,28,21,1842,20.5,1,3,1,0,0,3,0,0.05,0.15,0.20,0.05,0.20,2.2,2.2,3.5,5.7,0.11,0.17,0.28,0.11,0.28,Matches,ac73ec79
315,Florian Müller,de GER,GK,Stuttgart,23,1997,30,30,2700,30.0,0,0,0,0,0,0,0,0.00,0.00,0.00,0.00,0.00,0.0,0.0,0.0,0.0,0.00,0.00,0.00,0.00,0.00,Matches,cbac6ec9
316,Thomas Müller,de GER,MF,Bayern Munich,31,1989,32,32,2558,28.4,8,18,8,0,0,0,0,0.28,0.63,0.91,0.28,0.91,10.7,10.7,14.0,24.7,0.38,0.49,0.87,0.38,0.87,Matches,3c6089ab
317,Torben Müsel,de GER,MF,M'Gladbach,22,1999,1,0,5,0.1,0,0,0,0,0,0,0,0.00,0.00,0.00,0.00,0.00,0.0,0.0,0.0,0.0,0.00,0.00,0.00,0.00,0.00,Matches,d01b9ad6
318,Jamal Musiala,de GER,MFFW,Bayern Munich,18,2003,30,12,1465,16.3,5,5,5,0,0,2,0,0.31,0.31,0.61,0.31,0.61,5.4,5.4,5.1,10.5,0.33,0.31,0.64,0.33,0.64,Matches,2c0558b8
319,Obite N'Dicka,fr FRA,DF,Eint Frankfurt,21,1999,32,32,2857,31.7,4,4,4,0,0,3,0,0.13,0.13,0.25,0.13,0.25,3.2,3.2,1.5,4.8,0.10,0.05,0.15,0.10,0.15,Matches,441197b8
320,Nikolas Nartey,dk DEN,MFDF,Stuttgart,21,2000,8,4,404,4.5,0,0,0,0,0,1,0,0.00,0.00,0.00,0.00,0.00,0.1,0.1,0.2,0.3,0.02,0.04,0.06,0.02,0.06,Matches,30261ba1
321,Paul Nebel,de GER,MFFW,Mainz 05,18,2002,10,2,228,2.5,0,1,0,0,0,3,0,0.00,0.39,0.39,0.00,0.39,0.5,0.5,0.5,1.1,0.22,0.20,0.42,0.22,0.42,Matches,1b6d8083
322,David Nemeth,at AUT,DF,Mainz 05,20,2001,6,2,311,3.5,0,0,0,0,0,0,0,0.00,0.00,0.00,0.00,0.00,0.0,0.0,0.0,0.0,0.00,0.00,0.00,0.00,0.00,Matches,da76715c
323,Luca Netz,de GER,DFFW,M'Gladbach,18,2003,24,17,1396,15.5,0,4,0,0,0,1,0,0.00,0.26,0.26,0.00,0.26,2.4,2.4,1.7,4.1,0.16,0.11,0.26,0.16,0.26,Matches,e79269bd
324,Manuel Neuer,de GER,GK,Bayern Munich,35,1986,28,28,2510,27.9,0,0,0,0,0,0,0,0.00,0.00,0.00,0.00,0.00,0.0,0.0,0.0,0.0,0.00,0.00,0.00,0.00,0.00,Matches,8778c910
325,Florian Neuhaus,de GER,MF,M'Gladbach,24,1997,29,24,2121,23.6,4,4,4,0,0,2,0,0.17,0.17,0.34,0.17,0.34,5.2,5.2,2.4,7.6,0.22,0.10,0.32,0.22,0.32,Matches,36a59ba4
326,Jessic Ngankam,de GER,FW,Greuther Fürth,21,2000,6,4,341,3.8,2,1,2,0,0,0,0,0.53,0.26,0.79,0.53,0.79,2.1,2.1,0.2,2.3,0.56,0.04,0.61,0.56,0.61,Matches,bc249af8
327,Moussa Niakhate,fr FRA,DF,Mainz 05,25,1996,30,29,2567,28.5,4,0,2,2,2,1,0,0.14,0.00,0.14,0.07,0.07,3.8,2.2,0.6,2.8,0.13,0.02,0.15,0.08,0.10,Matches,00242715
328,Tanguy Nianzou,fr FRA,DF,Bayern Munich,19,2002,17,6,582,6.5,1,1,1,0,0,4,0,0.15,0.15,0.31,0.15,0.31,0.5,0.5,1.3,1.9,0.08,0.21,0.29,0.08,0.29,Matches,5853ac44
329,Florian Niederlechner,de GER,FW,Augsburg,30,1990,26,13,1165,12.9,5,3,5,0,0,1,0,0.39,0.23,0.62,0.39,0.62,5.1,5.1,1.0,6.1,0.40,0.08,0.48,0.40,0.48,Matches,d6862409
330,Håvard Nielsen,no NOR,MFFW,Greuther Fürth,28,1993,26,14,1367,15.2,2,0,2,0,0,2,0,0.13,0.00,0.13,0.13,0.13,2.4,2.4,0.2,2.6,0.16,0.01,0.17,0.16,0.17,Matches,b18ef366
331,Joakim Nilsson,se SWE,DF,Arminia,27,1994,31,31,2735,30.4,2,0,2,0,0,5,0,0.07,0.00,0.07,0.07,0.07,0.4,0.4,0.3,0.7,0.01,0.01,0.02,0.01,0.02,Matches,c562c5b4
332,Christopher Nkunku,fr FRA,FWMF,RB Leipzig,23,1997,34,31,2723,30.3,20,13,19,1,1,2,0,0.66,0.43,1.09,0.63,1.06,17.7,16.9,10.4,27.4,0.59,0.34,0.93,0.56,0.90,Matches,7c56da38
333,Lukas Nmecha,de GER,FWMF,Wolfsburg,22,1998,25,18,1627,18.1,8,0,8,0,0,5,0,0.44,0.00,0.44,0.44,0.44,9.8,9.8,2.7,12.4,0.54,0.15,0.69,0.54,0.69,Matches,0cc5f4a5
334,Håvard Nordtveit,no NOR,DF,Hoffenheim,31,1990,11,1,304,3.4,0,0,0,0,0,1,0,0.00,0.00,0.00,0.00,0.00,0.0,0.0,0.1,0.1,0.01,0.03,0.04,0.01,0.04,Matches,6cafd68d
335,Connor Noß,ie IRL,MF,M'Gladbach,20,2001,3,0,52,0.6,0,0,0,0,0,0,0,0.00,0.00,0.00,0.00,0.00,0.0,0.0,0.1,0.1,0.04,0.09,0.13,0.04,0.13,Matches,ccc6d365
336,Hugo Novoa,es ESP,MFFW,RB Leipzig,18,2003,8,1,136,1.5,1,0,1,0,0,0,0,0.66,0.00,0.66,0.66,0.66,0.9,0.9,0.2,1.1,0.58,0.12,0.70,0.58,0.70,Matches,5458f670
337,Soma Novothny,hu HUN,FWMF,Bochum,27,1994,6,0,80,0.9,1,0,1,0,0,0,0,1.13,0.00,1.13,1.13,1.13,0.7,0.7,0.0,0.7,0.76,0.00,0.76,0.76,0.76,Matches,6fb91ea9
338,Kasim Nuhu,gh GHA,DF,Hoffenheim,26,1995,3,0,5,0.1,0,0,0,0,0,0,0,0.00,0.00,0.00,0.00,0.00,0.0,0.0,0.0,0.0,0.84,0.00,0.84,0.84,0.84,Matches,93a50d2c
339,Hans Nunoo Sarpei,gh GHA,DFMF,Greuther Fürth,22,1998,8,7,643,7.1,0,0,0,0,0,2,0,0.00,0.00,0.00,0.00,0.00,0.2,0.2,0.0,0.2,0.03,0.00,0.03,0.03,0.03,Matches,9593331d
340,Bastian Oczipka,de GER,DF,Union Berlin,32,1989,18,9,932,10.4,0,1,0,0,0,1,0,0.00,0.10,0.10,0.00,0.10,0.5,0.5,2.4,2.9,0.05,0.23,0.28,0.05,0.28,Matches,d1661819
341,Masaya Okugawa,jp JPN,MFFW,Arminia,25,1996,33,30,2531,28.1,8,1,8,0,0,0,0,0.28,0.04,0.32,0.28,0.32,4.3,4.3,1.9,6.2,0.15,0.07,0.22,0.15,0.22,Matches,63b9cc6d
342,Mathias Olesen,lu LUX,MFFW,Köln,20,2001,3,0,17,0.2,0,0,0,0,0,0,0,0.00,0.00,0.00,0.00,0.00,0.0,0.0,0.1,0.1,0.00,0.37,0.37,0.00,0.37,Matches,86adbcc7
343,Dani Olmo,es ESP,MFFW,RB Leipzig,23,1998,19,7,743,8.3,3,3,3,0,0,2,0,0.36,0.36,0.73,0.36,0.73,2.0,2.0,2.5,4.6,0.25,0.30,0.55,0.25,0.55,Matches,ae44e8e2
344,Karim Onisiwo,at AUT,FW,Mainz 05,29,1992,31,28,2361,26.2,5,8,5,0,0,0,0,0.19,0.30,0.50,0.19,0.50,10.0,10.0,7.2,17.3,0.38,0.28,0.66,0.38,0.66,Matches,f26834c7
345,Willi Orban,hu HUN,DF,RB Leipzig,28,1992,30,30,2642,29.4,2,1,2,0,0,1,0,0.07,0.03,0.10,0.07,0.10,3.3,3.3,1.2,4.5,0.11,0.04,0.15,0.11,0.15,Matches,20030c06
346,Stefan Ortega,de GER,GK,Arminia,28,1992,33,33,2970,33.0,0,0,0,0,0,1,0,0.00,0.00,0.00,0.00,0.00,0.0,0.0,0.2,0.2,0.00,0.01,0.01,0.00,0.01,Matches,c1242d4e
347,Patrick Osterhage,de GER,MF,Bochum,21,2000,13,6,599,6.7,0,1,0,0,0,2,0,0.00,0.15,0.15,0.00,0.15,0.4,0.4,0.1,0.5,0.05,0.02,0.08,0.05,0.08,Matches,9662c9ec
348,Tomáš Ostrák,cz CZE,MFFW,Köln,21,2000,5,0,31,0.3,0,1,0,0,0,0,0,0.00,2.90,2.90,0.00,2.90,0.1,0.1,0.5,0.5,0.16,1.41,1.57,0.16,1.57,Matches,3ba95f20
349,Paulo Otávio,br BRA,DFMF,Wolfsburg,26,1994,7,5,362,4.0,0,1,0,0,0,0,0,0.00,0.25,0.25,0.00,0.25,0.4,0.4,0.5,1.0,0.11,0.13,0.24,0.11,0.24,Matches,1cbe4984
350,Reece Oxford,eng ENG,DF,Augsburg,22,1998,30,30,2693,29.9,2,1,2,0,0,9,0,0.07,0.03,0.10,0.07,0.10,2.2,2.2,0.8,3.0,0.07,0.03,0.10,0.07,0.10,Matches,8b6e0db2
351,Salih Özcan,tr TUR,MF,Köln,23,1998,31,26,2312,25.7,2,0,2,0,0,5,0,0.08,0.00,0.08,0.08,0.08,2.3,2.3,1.3,3.6,0.09,0.05,0.14,0.09,0.14,Matches,15413fa5
352,Levin Öztunalı,de GER,MF,Union Berlin,25,1996,18,5,572,6.4,0,0,0,0,0,0,0,0.00,0.00,0.00,0.00,0.00,0.8,0.8,0.8,1.5,0.12,0.12,0.24,0.12,0.24,Matches,66385c46
353,Gonçalo Paciência,pt POR,FW,Eint Frankfurt,26,1994,18,4,516,5.7,3,0,2,1,2,3,0,0.52,0.00,0.52,0.35,0.35,4.0,2.4,0.3,2.7,0.69,0.05,0.74,0.42,0.47,Matches,962e54cb
354,Exequiel Palacios,ar ARG,MF,Leverkusen,22,1998,23,12,1097,12.2,2,2,2,0,0,2,0,0.16,0.16,0.33,0.16,0.33,1.0,1.0,2.5,3.5,0.08,0.20,0.29,0.08,0.29,Matches,e82adcab
355,Miloš Pantović,rs SRB,MFFW,Bochum,25,1996,28,18,1533,17.0,4,3,3,1,1,2,0,0.23,0.18,0.41,0.18,0.35,5.9,5.1,4.8,9.9,0.35,0.28,0.63,0.30,0.58,Matches,5dc15574
356,Antonios Papadopoulos,de GER,DFMF,Dortmund,21,1999,2,0,17,0.2,0,0,0,0,0,1,0,0.00,0.00,0.00,0.00,0.00,0.0,0.0,0.0,0.0,0.00,0.00,0.00,0.00,0.00,Matches,13d23b29
357,Matondo-Merveille Papela,de GER,MF,Mainz 05,20,2001,5,0,83,0.9,0,0,0,0,0,0,0,0.00,0.00,0.00,0.00,0.00,0.0,0.0,0.0,0.0,0.03,0.00,0.03,0.03,0.03,Matches,b4b08774
358,Kevin Paredes,us USA,FWDF,Wolfsburg,18,2003,2,0,16,0.2,0,0,0,0,0,0,0,0.00,0.00,0.00,0.00,0.00,0.0,0.0,0.0,0.0,0.00,0.00,0.00,0.00,0.00,Matches,5c50fdbc
359,Felix Passlack,de GER,DF,Dortmund,23,1998,10,5,472,5.2,1,0,1,0,0,0,0,0.19,0.00,0.19,0.19,0.19,0.3,0.3,0.3,0.6,0.06,0.06,0.12,0.06,0.12,Matches,5c899683
360,Paulinho,br BRA,FWMF,Leverkusen,21,2000,24,14,1218,13.5,4,1,4,0,0,1,0,0.30,0.07,0.37,0.30,0.37,4.8,4.8,2.3,7.1,0.35,0.17,0.52,0.35,0.52,Matches,53070b63
361,Benjamin Pavard,fr FRA,DF,Bayern Munich,25,1996,25,24,2076,23.1,0,1,0,0,0,2,1,0.00,0.04,0.04,0.00,0.04,1.0,1.0,1.5,2.5,0.04,0.07,0.11,0.04,0.11,Matches,45a03961
362,Mads Pedersen,dk DEN,MFDF,Augsburg,24,1996,29,15,1391,15.5,2,1,2,0,0,5,0,0.13,0.06,0.19,0.13,0.19,1.3,1.3,2.0,3.3,0.08,0.13,0.21,0.08,0.21,Matches,582a5247
363,Peter Pekarík,sk SVK,DF,Hertha BSC,34,1986,27,26,2234,24.8,0,0,0,0,0,1,0,0.00,0.00,0.00,0.00,0.00,1.1,1.1,0.9,2.0,0.04,0.04,0.08,0.04,0.08,Matches,c18d22f5
364,Philipp Pentke,de GER,GK,Hoffenheim,36,1985,1,1,90,1.0,0,0,0,0,0,0,0,0.00,0.00,0.00,0.00,0.00,0.0,0.0,0.0,0.0,0.00,0.00,0.00,0.00,0.00,Matches,c41f7379
365,Ricardo Pepi,us USA,FWMF,Augsburg,18,2003,11,4,477,5.3,0,0,0,0,0,0,0,0.00,0.00,0.00,0.00,0.00,1.0,1.0,0.5,1.4,0.18,0.09,0.26,0.18,0.26,Matches,a2b1ed42
366,Pavao Pervan,at AUT,GK,Wolfsburg,33,1987,6,6,540,6.0,0,0,0,0,0,0,0,0.00,0.00,0.00,0.00,0.00,0.0,0.0,0.0,0.0,0.00,0.00,0.00,0.00,0.00,Matches,c89e8aae
367,Nils Petersen,de GER,FW,Freiburg,32,1988,22,3,580,6.4,5,1,5,0,0,0,0,0.78,0.16,0.93,0.78,0.93,2.4,2.4,0.6,3.0,0.37,0.10,0.46,0.37,0.46,Matches,f93e6e94
368,Jens Petter Hauge,no NOR,MFFW,Eint Frankfurt,21,1999,26,9,1040,11.6,2,2,2,0,0,4,0,0.17,0.17,0.35,0.17,0.35,2.2,2.2,1.4,3.5,0.19,0.12,0.31,0.19,0.31,Matches,12c35abe
369,Immanuel Pherai,nl NED,MF,Dortmund,20,2001,1,0,1,0.0,0,0,0,0,0,0,0,0.00,0.00,0.00,0.00,0.00,0.0,0.0,0.0,0.0,0.00,0.00,0.00,0.00,0.00,Matches,f168d9b9
370,Maximilian Philipp,de GER,MF,Wolfsburg,27,1994,22,12,963,10.7,1,4,1,0,0,2,0,0.09,0.37,0.47,0.09,0.47,1.4,1.4,1.5,2.8,0.13,0.14,0.27,0.13,0.27,Matches,061e8e23
371,Krzysztof Piątek,pl POL,FW,Hertha BSC,26,1995,9,4,347,3.9,1,0,1,0,0,0,0,0.26,0.00,0.26,0.26,0.26,1.5,1.5,0.0,1.5,0.38,0.00,0.38,0.38,0.38,Matches,17f3620a
372,Amos Pieper,de GER,DF,Arminia,23,1998,27,27,2379,26.4,0,0,0,0,0,2,0,0.00,0.00,0.00,0.00,0.00,1.0,1.0,0.5,1.5,0.04,0.02,0.06,0.04,0.06,Matches,526ea7cc
373,Marvin Plattenhardt,de GER,DF,Hertha BSC,29,1992,21,19,1637,18.2,0,3,0,0,0,3,0,0.00,0.16,0.16,0.00,0.16,0.5,0.5,4.4,4.8,0.03,0.24,0.27,0.03,0.27,Matches,f7aa75bd
374,Alassane Pléa,fr FRA,MFFW,M'Gladbach,28,1993,33,24,2070,23.0,10,6,7,3,3,4,0,0.43,0.26,0.70,0.30,0.57,9.3,6.9,8.4,15.2,0.40,0.36,0.77,0.30,0.66,Matches,bc6bd723
375,Joel Pohjanpalo,fi FIN,FW,Leverkusen,26,1994,2,0,12,0.1,0,0,0,0,0,0,0,0.00,0.00,0.00,0.00,0.00,0.0,0.0,0.0,0.0,0.00,0.00,0.00,0.00,0.00,Matches,ea003d07
376,Sebastian Polter,de GER,FW,Bochum,30,1991,33,27,2341,26.0,10,1,9,1,2,2,0,0.38,0.04,0.42,0.35,0.38,10.2,8.6,2.7,11.3,0.39,0.10,0.49,0.33,0.43,Matches,3745e8bd
377,Marin Pongračić,hr CRO,DF,Dortmund,23,1997,17,9,827,9.2,0,0,0,0,0,3,0,0.00,0.00,0.00,0.00,0.00,0.0,0.0,0.0,0.0,0.00,0.01,0.01,0.00,0.01,Matches,2a6cd437
378,Stefan Posch,at AUT,DF,Hoffenheim,24,1997,28,26,2199,24.4,2,0,2,0,0,5,0,0.08,0.00,0.08,0.08,0.08,1.3,1.3,0.7,2.1,0.05,0.03,0.08,0.05,0.08,Matches,7f609bfc
379,Yussuf Poulsen,dk DEN,FWMF,RB Leipzig,27,1994,25,12,1079,12.0,6,0,6,0,0,2,0,0.50,0.00,0.50,0.50,0.50,5.4,5.4,1.8,7.3,0.45,0.15,0.60,0.45,0.60,Matches,d2416c2e
380,Manuel Prietl,at AUT,MF,Arminia,29,1991,26,23,2123,23.6,0,1,0,0,0,3,0,0.00,0.04,0.04,0.00,0.04,1.3,1.3,0.8,2.1,0.05,0.04,0.09,0.05,0.09,Matches,901c0f97
381,Grischa Prömel,de GER,MF,Union Berlin,26,1995,29,28,2422,26.9,8,1,8,0,0,4,0,0.30,0.04,0.33,0.30,0.33,6.9,6.9,1.4,8.3,0.26,0.05,0.31,0.26,0.31,Matches,924f9191
382,Nick Proschwitz,de GER,FW,Hoffenheim,34,1986,1,0,27,0.3,0,0,0,0,0,0,0,0.00,0.00,0.00,0.00,0.00,0.3,0.3,0.0,0.3,0.91,0.00,0.91,0.91,0.91,Matches,9cf4fd68
383,Afimico Pululu,fr FRA,FWMF,Greuther Fürth,22,1999,8,0,70,0.8,0,0,0,0,0,0,0,0.00,0.00,0.00,0.00,0.00,0.1,0.1,0.0,0.1,0.13,0.00,0.13,0.13,0.13,Matches,32c016f8
384,Sidney Raebiger,de GER,MF,RB Leipzig,16,2005,1,0,4,0.0,0,0,0,0,0,0,0,0.00,0.00,0.00,0.00,0.00,0.0,0.0,0.0,0.0,0.00,0.00,0.00,0.00,0.00,Matches,a8090a41
385,Diant Ramaj,de GER,GK,Eint Frankfurt,19,2001,1,1,90,1.0,0,0,0,0,0,0,0,0.00,0.00,0.00,0.00,0.00,0.0,0.0,0.0,0.0,0.00,0.00,0.00,0.00,0.00,Matches,b90c4a43
386,Guilherme Ramos,pt POR,DF,Arminia,23,1997,13,9,906,10.1,0,0,0,0,0,1,0,0.00,0.00,0.00,0.00,0.00,0.3,0.3,0.1,0.4,0.03,0.01,0.04,0.03,0.04,Matches,df9c3473
387,Tobias Raschl,de GER,MF,Greuther Fürth,21,2000,10,7,597,6.6,0,1,0,0,0,0,0,0.00,0.15,0.15,0.00,0.15,0.2,0.2,0.1,0.3,0.03,0.01,0.04,0.03,0.04,Matches,bd992863
388,David Raum,de GER,DFFW,Hoffenheim,23,1998,32,31,2757,30.6,3,11,3,0,0,5,0,0.10,0.36,0.46,0.10,0.46,2.1,2.1,12.7,14.8,0.07,0.41,0.48,0.07,0.48,Matches,7d450ed3
389,Reinier,br BRA,FWMF,Dortmund,19,2002,13,1,162,1.8,0,0,0,0,0,0,0,0.00,0.00,0.00,0.00,0.00,0.2,0.2,0.0,0.2,0.13,0.00,0.13,0.13,0.13,Matches,6b21b7b5
390,Panagiotis Retsos,gr GRE,DFFW,Leverkusen,22,1998,4,0,32,0.4,0,0,0,0,0,0,0,0.00,0.00,0.00,0.00,0.00,0.1,0.1,0.0,0.1,0.15,0.00,0.15,0.15,0.15,Matches,4bd00a50
391,Marco Reus,de GER,MFFW,Dortmund,32,1989,29,29,2503,27.8,9,13,9,0,0,2,0,0.32,0.47,0.79,0.32,0.79,10.8,10.8,8.4,19.2,0.39,0.30,0.69,0.39,0.69,Matches,36a3ff67
392,Elvis Rexhbeçaj,de GER,MF,Bochum,23,1997,32,30,2542,28.2,0,0,0,0,0,5,0,0.00,0.00,0.00,0.00,0.00,1.4,1.4,1.5,2.9,0.05,0.05,0.10,0.05,0.10,Matches,1ae836b1
393,Gio Reyna,us USA,MF,Dortmund,18,2002,10,6,439,4.9,2,1,2,0,0,0,0,0.41,0.21,0.62,0.41,0.62,1.6,1.6,2.1,3.7,0.33,0.42,0.76,0.33,0.76,Matches,7fa4e703
394,Chris Richards,us USA,DF,Hoffenheim,21,2000,19,13,1304,14.5,1,1,1,0,0,1,0,0.07,0.07,0.14,0.07,0.14,1.4,1.4,0.5,1.9,0.10,0.03,0.13,0.10,0.13,Matches,0a3d6d2b
395,Chris Richards,us USA,DF,Bayern Munich,21,2000,1,0,3,0.0,0,0,0,0,0,0,0,0.00,0.00,0.00,0.00,0.00,0.0,0.0,0.0,0.0,0.00,0.00,0.00,0.00,0.00,Matches,0a3d6d2b
396,Omar Richards,eng ENG,DF,Bayern Munich,23,1998,12,5,438,4.9,0,0,0,0,0,1,0,0.00,0.00,0.00,0.00,0.00,0.4,0.4,0.2,0.6,0.08,0.04,0.11,0.08,0.11,Matches,f9b1b7bf
397,Marco Richter,de GER,FWMF,Hertha BSC,23,1997,30,19,1704,18.9,5,1,5,0,0,6,0,0.26,0.05,0.32,0.26,0.32,4.0,4.0,1.8,5.8,0.21,0.10,0.31,0.21,0.31,Matches,f972644c
398,Manuel Riemann,de GER,GK,Bochum,32,1988,31,31,2790,31.0,0,1,0,0,1,2,0,0.00,0.03,0.03,0.00,0.03,0.8,0.0,0.4,0.4,0.03,0.01,0.04,0.00,0.01,Matches,9f941969
399,Marc Roca,es ESP,MF,Bayern Munich,24,1996,9,4,379,4.2,0,0,0,0,0,0,0,0.00,0.00,0.00,0.00,0.00,0.2,0.2,0.5,0.7,0.06,0.11,0.17,0.06,0.17,Matches,da27e268
400,Cimo Röcker,de GER,DF,Hertha BSC,27,1994,1,0,22,0.2,0,0,0,0,0,0,0,0.00,0.00,0.00,0.00,0.00,0.0,0.0,0.1,0.1,0.00,0.45,0.45,0.00,0.45,Matches,611b1aae
401,Sebastian Rode,de GER,MF,Eint Frankfurt,30,1990,17,10,759,8.4,1,0,1,0,0,1,0,0.12,0.00,0.12,0.12,0.12,0.9,0.9,1.0,1.9,0.10,0.12,0.22,0.10,0.22,Matches,e12b0b5b
402,Romario Rösch,de GER,MF,Mainz 05,22,1999,1,0,1,0.0,0,0,0,0,0,0,0,0.00,0.00,0.00,0.00,0.00,0.0,0.0,0.0,0.0,0.00,0.00,0.00,0.00,0.00,Matches,87ebfdb8
403,Tom Rothe,de GER,DF,Dortmund,16,2004,2,1,94,1.0,1,0,1,0,0,1,0,0.96,0.00,0.96,0.96,0.96,0.2,0.2,0.0,0.3,0.23,0.04,0.27,0.23,0.27,Matches,90c1f9a4
404,Jérôme Roussillon,fr FRA,DF,Wolfsburg,28,1993,26,18,1775,19.7,1,0,1,0,0,5,0,0.05,0.00,0.05,0.05,0.05,1.2,1.2,1.7,2.9,0.06,0.09,0.14,0.06,0.14,Matches,13203c45
405,Sebastian Rudy,de GER,MF,Hoffenheim,31,1990,21,7,773,8.6,3,1,3,0,0,5,0,0.35,0.12,0.47,0.35,0.47,2.1,2.1,0.4,2.5,0.25,0.05,0.30,0.25,0.30,Matches,80f36c88
406,Georginio Rutter,fr FRA,FWMF,Hoffenheim,19,2002,33,13,1611,17.9,8,2,8,0,0,2,0,0.45,0.11,0.56,0.45,0.56,7.9,7.9,4.1,12.0,0.44,0.23,0.67,0.44,0.67,Matches,c64c01fc
407,Julian Ryerson,no NOR,DF,Union Berlin,23,1997,28,13,1429,15.9,2,0,2,0,0,3,0,0.13,0.00,0.13,0.13,0.13,1.5,1.5,2.0,3.5,0.09,0.12,0.22,0.09,0.22,Matches,009a4f60
408,Frederik Rønnow,dk DEN,GK,Union Berlin,28,1992,7,7,630,7.0,0,0,0,0,0,1,0,0.00,0.00,0.00,0.00,0.00,0.0,0.0,0.0,0.0,0.00,0.00,0.00,0.00,0.00,Matches,a70b8345
409,Marcel Sabitzer,at AUT,MFDF,Bayern Munich,27,1994,25,8,905,10.1,1,1,1,0,0,0,0,0.10,0.10,0.20,0.10,0.20,2.0,2.0,1.6,3.7,0.20,0.16,0.36,0.20,0.36,Matches,e280527c
410,Marcel Sabitzer,at AUT,MFFW,RB Leipzig,27,1994,2,0,49,0.5,0,0,0,0,0,1,0,0.00,0.00,0.00,0.00,0.00,0.0,0.0,0.0,0.0,0.07,0.00,0.07,0.07,0.07,Matches,e280527c
411,Roland Sallai,hu HUN,MFFW,Freiburg,24,1997,31,18,1551,17.2,4,4,4,0,0,1,0,0.23,0.23,0.46,0.23,0.46,6.4,6.4,3.6,10.0,0.37,0.21,0.58,0.37,0.58,Matches,bf075f6b
412,Diadie Samassékou,ml MLI,MF,Hoffenheim,25,1996,24,21,1655,18.4,2,0,2,0,0,7,0,0.11,0.00,0.11,0.11,0.11,1.0,1.0,1.2,2.2,0.05,0.07,0.12,0.05,0.12,Matches,08593525
413,Leroy Sané,de GER,FWMF,Bayern Munich,25,1996,32,22,1976,22.0,7,7,7,0,0,3,0,0.32,0.32,0.64,0.32,0.64,11.3,11.3,6.4,17.6,0.51,0.29,0.80,0.51,0.80,Matches,2b114be3
414,Mohamed Sankoh,nl NED,FW,Stuttgart,17,2003,1,0,4,0.0,0,0,0,0,0,0,0,0.00,0.00,0.00,0.00,0.00,0.2,0.2,0.0,0.2,4.06,0.00,4.06,4.06,4.06,Matches,be625686
415,Baptiste Santamaria,fr FRA,MF,Freiburg,26,1995,1,0,21,0.2,0,0,0,0,0,0,0,0.00,0.00,0.00,0.00,0.00,0.0,0.0,0.0,0.0,0.00,0.00,0.00,0.00,0.00,Matches,5e22e2a4
416,Bouna Sarr,sn SEN,DF,Bayern Munich,29,1992,5,0,64,0.7,0,0,0,0,0,0,0,0.00,0.00,0.00,0.00,0.00,0.0,0.0,0.0,0.0,0.06,0.00,0.06,0.06,0.06,Matches,1a4b9094
417,Joe Scally,us USA,DF,M'Gladbach,18,2002,30,20,1909,21.2,1,2,1,0,0,4,0,0.05,0.09,0.14,0.05,0.14,2.2,2.2,2.1,4.3,0.10,0.10,0.20,0.10,0.20,Matches,236f02cd
418,Kevin Schade,de GER,MFFW,Freiburg,19,2001,21,7,831,9.2,4,1,4,0,0,2,0,0.43,0.11,0.54,0.43,0.54,2.6,2.4,1.1,3.5,0.28,0.12,0.39,0.26,0.37,Matches,52afb588
419,András Schäfer,hu HUN,MF,Union Berlin,22,1999,8,1,239,2.7,1,1,1,0,0,2,0,0.38,0.38,0.75,0.38,0.75,0.6,0.6,0.2,0.8,0.23,0.09,0.32,0.23,0.32,Matches,049751d7
420,Louis Schaub,at AUT,MFFW,Köln,26,1994,28,6,654,7.3,1,2,1,0,0,0,0,0.14,0.28,0.41,0.14,0.41,1.2,1.2,1.4,2.6,0.17,0.19,0.35,0.17,0.35,Matches,b50ec54b
421,Patrik Schick,cz CZE,FW,Leverkusen,25,1996,27,26,2076,23.1,24,3,23,1,2,0,0,1.04,0.13,1.17,1.00,1.13,18.5,16.9,2.8,19.7,0.80,0.12,0.92,0.73,0.85,Matches,5d4f7d61
422,Kingsley Schindler,de GER,DFFW,Köln,28,1993,18,1,349,3.9,1,2,1,0,0,1,0,0.26,0.52,0.77,0.26,0.77,0.4,0.4,1.2,1.5,0.10,0.30,0.40,0.10,0.40,Matches,bd527260
423,Xaver Schlager,at AUT,MF,Wolfsburg,23,1997,14,13,1040,11.6,0,1,0,0,0,2,0,0.00,0.09,0.09,0.00,0.09,0.5,0.5,0.7,1.2,0.05,0.06,0.11,0.05,0.11,Matches,8f056768
424,Keven Schlotterbeck,de GER,DFFW,Freiburg,24,1997,12,3,315,3.5,0,0,0,0,0,1,0,0.00,0.00,0.00,0.00,0.00,0.1,0.1,0.0,0.1,0.01,0.01,0.02,0.01,0.02,Matches,f6bdc830
425,Nico Schlotterbeck,de GER,DF,Freiburg,21,1999,32,32,2785,30.9,4,1,4,0,0,5,0,0.13,0.03,0.16,0.13,0.16,3.8,3.8,1.8,5.6,0.12,0.06,0.18,0.12,0.18,Matches,34e12499
426,Jonathan Schmid,fr FRA,DF,Freiburg,31,1990,13,6,588,6.5,0,1,0,0,0,0,0,0.00,0.15,0.15,0.00,0.15,0.3,0.3,0.8,1.1,0.04,0.13,0.17,0.04,0.17,Matches,088ca1bd
427,Benno Schmitz,de GER,DF,Köln,26,1994,31,29,2421,26.9,0,5,0,0,0,5,0,0.00,0.19,0.19,0.00,0.19,0.7,0.7,3.7,4.4,0.02,0.14,0.16,0.02,0.16,Matches,ad00b1a8
428,Alessandro Schöpf,at AUT,MF,Arminia,27,1994,31,27,2397,26.6,1,0,1,0,0,3,1,0.04,0.00,0.04,0.04,0.04,2.7,2.7,3.3,6.0,0.10,0.12,0.23,0.10,0.23,Matches,106bca06
429,Nico Schulz,de GER,DF,Dortmund,28,1993,16,9,836,9.3,0,2,0,0,0,2,0,0.00,0.22,0.22,0.00,0.22,0.3,0.3,1.4,1.6,0.03,0.15,0.18,0.03,0.18,Matches,fa274d97
430,Marvin Schwäbe,de GER,GK,Köln,26,1995,21,21,1890,21.0,0,0,0,0,0,1,0,0.00,0.00,0.00,0.00,0.00,0.0,0.0,0.0,0.0,0.00,0.00,0.00,0.00,0.00,Matches,87436846
431,Alexander Schwolow,de GER,GK,Hertha BSC,29,1992,25,25,2175,24.2,0,0,0,0,0,1,0,0.00,0.00,0.00,0.00,0.00,0.0,0.0,0.1,0.1,0.00,0.00,0.00,0.00,0.00,Matches,0d55d942
432,Paul Seguin,de GER,MF,Greuther Fürth,26,1995,27,23,2108,23.4,0,3,0,0,0,9,0,0.00,0.13,0.13,0.00,0.13,0.6,0.6,2.0,2.6,0.03,0.09,0.11,0.03,0.11,Matches,8872ed17
433,Davie Selke,de GER,FW,Hertha BSC,26,1995,25,10,1004,11.2,4,0,3,1,1,2,0,0.36,0.00,0.36,0.27,0.27,4.3,3.5,0.6,4.1,0.39,0.05,0.44,0.32,0.37,Matches,1238a3f9
434,Lion Semić,de GER,DF,Dortmund,17,2003,1,0,3,0.0,0,0,0,0,0,0,0,0.00,0.00,0.00,0.00,0.00,0.0,0.0,0.0,0.0,0.00,0.00,0.00,0.00,0.00,Matches,87ebd8c9
435,Suat Serdar,de GER,MFFW,Hertha BSC,24,1997,30,27,2218,24.6,3,0,3,0,0,6,0,0.12,0.00,0.12,0.12,0.12,2.5,2.5,2.0,4.5,0.10,0.08,0.18,0.10,0.18,Matches,b3325a30
436,Janni Serra,de GER,FW,Arminia,23,1998,26,15,1117,12.4,3,2,3,0,0,1,0,0.24,0.16,0.40,0.24,0.40,3.9,3.9,1.3,5.2,0.32,0.10,0.42,0.32,0.42,Matches,40b58bfc
437,Zidan Sertdemir,dk DEN,MFFW,Leverkusen,16,2005,3,0,18,0.2,0,0,0,0,0,0,0,0.00,0.00,0.00,0.00,0.00,0.0,0.0,0.1,0.1,0.00,0.26,0.26,0.00,0.26,Matches,eec1f7f4
438,Nils Seufert,de GER,MF,Greuther Fürth,24,1997,4,1,99,1.1,0,0,0,0,0,0,0,0.00,0.00,0.00,0.00,0.00,0.0,0.0,0.0,0.0,0.00,0.00,0.00,0.00,0.00,Matches,0da32a38
439,Kiliann Sildillia,fr FRA,DFMF,Freiburg,19,2002,7,1,169,1.9,0,0,0,0,0,1,0,0.00,0.00,0.00,0.00,0.00,0.0,0.0,0.3,0.3,0.00,0.17,0.17,0.00,0.17,Matches,313254a3
440,André Silva,pt POR,FW,RB Leipzig,25,1995,33,24,2076,23.1,11,3,8,3,3,1,0,0.48,0.13,0.61,0.35,0.48,13.0,11.1,3.5,14.6,0.56,0.15,0.72,0.48,0.64,Matches,3effaa34
441,Mohamed Simakan,fr FRA,DF,RB Leipzig,21,2000,28,23,2009,22.3,1,0,1,0,0,5,0,0.04,0.00,0.04,0.04,0.04,1.0,1.0,0.8,1.8,0.04,0.04,0.08,0.04,0.08,Matches,fcb27134
442,Daley Sinkgraven,nl NED,DF,Leverkusen,26,1995,12,3,351,3.9,0,0,0,0,0,0,0,0.00,0.00,0.00,0.00,0.00,0.3,0.3,0.4,0.6,0.06,0.10,0.17,0.06,0.17,Matches,73000a79
443,Tobias Sippel,de GER,GK,M'Gladbach,33,1988,1,1,90,1.0,0,0,0,0,0,0,0,0.00,0.00,0.00,0.00,0.00,0.0,0.0,0.0,0.0,0.00,0.00,0.00,0.00,0.00,Matches,0d8a37c2
444,Hugo Siquet,be BEL,DF,Freiburg,19,2002,1,0,22,0.2,0,0,0,0,0,0,0,0.00,0.00,0.00,0.00,0.00,0.0,0.0,0.0,0.0,0.00,0.00,0.00,0.00,0.00,Matches,c6cf860f
445,Ellyes Skhiri,tn TUN,MF,Köln,26,1995,22,20,1820,20.2,4,1,4,0,0,3,0,0.20,0.05,0.25,0.20,0.25,3.4,3.4,1.3,4.7,0.17,0.06,0.23,0.17,0.23,Matches,c2211709
446,Robert Skov,dk DEN,FWDF,Hoffenheim,25,1996,12,3,368,4.1,0,1,0,0,0,1,0,0.00,0.24,0.24,0.00,0.24,0.8,0.8,1.5,2.3,0.21,0.36,0.57,0.21,0.57,Matches,ff98492b
447,Danilo Soares,br BRA,DF,Bochum,29,1991,30,30,2564,28.5,0,1,0,0,0,4,0,0.00,0.04,0.04,0.00,0.04,0.5,0.5,1.5,2.0,0.02,0.05,0.07,0.02,0.07,Matches,c05f2f8c
448,Yann Sommer,ch SUI,GK,M'Gladbach,32,1988,33,33,2970,33.0,0,1,0,0,0,2,0,0.00,0.03,0.03,0.00,0.03,0.0,0.0,0.9,0.9,0.00,0.03,0.03,0.00,0.03,Matches,420c18a1
449,Borna Sosa,hr CRO,DFFW,Stuttgart,23,1998,28,28,2498,27.8,1,8,1,0,0,4,0,0.04,0.29,0.32,0.04,0.32,1.3,1.3,7.2,8.5,0.05,0.26,0.31,0.05,0.31,Matches,af0d79a9
450,Djibril Sow,ch SUI,MF,Eint Frankfurt,24,1997,31,28,2415,26.8,2,3,2,0,0,5,0,0.07,0.11,0.19,0.07,0.19,0.9,0.9,2.0,2.8,0.03,0.07,0.10,0.03,0.10,Matches,4c6facae
451,Jerry St. Juste,nl NED,DF,Mainz 05,24,1996,8,7,604,6.7,1,0,1,0,0,0,0,0.15,0.00,0.15,0.15,0.15,0.9,0.9,0.2,1.1,0.14,0.02,0.17,0.14,0.17,Matches,90339309
452,Anton Stach,de GER,MF,Mainz 05,22,1998,29,20,1861,20.7,1,6,1,0,0,6,0,0.05,0.29,0.34,0.05,0.34,2.6,2.6,4.7,7.3,0.12,0.23,0.35,0.12,0.35,Matches,0f59a7bf
453,Kostas Stafylidis,gr GRE,DFMF,Bochum,27,1993,24,15,1388,15.4,0,1,0,0,0,3,1,0.00,0.06,0.06,0.00,0.06,0.7,0.7,1.1,1.8,0.04,0.07,0.12,0.04,0.12,Matches,861e0116
454,Josip Stanišić,hr CRO,DF,Bayern Munich,21,2000,13,6,644,7.2,1,0,1,0,0,1,0,0.14,0.00,0.14,0.14,0.14,0.5,0.5,0.2,0.7,0.07,0.02,0.09,0.07,0.09,Matches,7ed08d5c
455,Niklas Stark,de GER,DF,Hertha BSC,26,1995,26,22,2031,22.6,1,0,1,0,0,3,0,0.04,0.00,0.04,0.04,0.04,1.0,1.0,0.4,1.4,0.04,0.02,0.06,0.04,0.06,Matches,aad48be9
456,Renato Steffen,ch SUI,FWMF,Wolfsburg,29,1991,20,13,967,10.7,0,1,0,0,0,6,0,0.00,0.09,0.09,0.00,0.09,1.5,1.5,1.4,2.9,0.14,0.13,0.27,0.14,0.27,Matches,dd669209
457,Pascal Stenzel,de GER,DF,Stuttgart,25,1996,16,9,899,10.0,0,0,0,0,0,1,0,0.00,0.00,0.00,0.00,0.00,0.3,0.3,0.2,0.5,0.03,0.02,0.05,0.03,0.05,Matches,99f7e9aa
458,Angelo Stiller,de GER,MF,Hoffenheim,20,2001,26,18,1693,18.8,2,1,2,0,0,1,0,0.11,0.05,0.16,0.11,0.16,1.4,1.4,1.5,2.9,0.07,0.08,0.15,0.07,0.15,Matches,3b1ed320
459,Lars Stindl,de GER,MFFW,M'Gladbach,32,1988,26,20,1629,18.1,4,5,4,0,2,10,0,0.22,0.28,0.50,0.22,0.50,6.9,5.3,4.1,9.3,0.38,0.22,0.60,0.29,0.52,Matches,7cd6badb
460,Kevin Stöger,at AUT,MF,Mainz 05,27,1993,23,1,419,4.7,1,1,1,0,0,3,0,0.21,0.21,0.43,0.21,0.43,1.3,1.3,1.5,2.8,0.28,0.31,0.59,0.28,0.59,Matches,e5649a78
461,Tobias Strobl,de GER,MFDF,Augsburg,31,1990,5,4,323,3.6,0,0,0,0,0,1,0,0.00,0.00,0.00,0.00,0.00,0.1,0.1,0.1,0.1,0.01,0.02,0.04,0.01,0.04,Matches,17780d2b
462,Niklas Süle,de GER,DF,Bayern Munich,25,1995,28,19,1837,20.4,1,2,1,0,0,2,0,0.05,0.10,0.15,0.05,0.15,1.8,1.8,1.1,2.8,0.09,0.05,0.14,0.09,0.14,Matches,e33c06cf
463,Ádám Szalai,hu HUN,FW,Mainz 05,33,1987,12,2,260,2.9,1,0,1,0,0,1,0,0.35,0.00,0.35,0.35,0.35,1.1,1.1,0.6,1.8,0.39,0.22,0.61,0.39,0.61,Matches,53e07d0b
464,Dominik Szoboszlai,hu HUN,MFFW,RB Leipzig,20,2000,31,15,1543,17.1,6,8,6,0,1,2,0,0.35,0.47,0.82,0.35,0.82,5.0,4.2,5.4,9.6,0.29,0.32,0.61,0.25,0.56,Matches,934e1968
465,Jonathan Tah,de GER,DF,Leverkusen,25,1996,33,33,2878,32.0,2,2,2,0,0,4,0,0.06,0.06,0.13,0.06,0.13,1.5,1.5,1.8,3.3,0.05,0.06,0.10,0.05,0.10,Matches,bd142efb
466,Edmond Tapsoba,bf BFA,DF,Leverkusen,22,1999,22,19,1814,20.2,1,0,1,0,0,1,0,0.05,0.00,0.05,0.05,0.05,0.6,0.6,0.0,0.6,0.03,0.00,0.03,0.03,0.03,Matches,a73c8f95
467,Niklas Tauer,de GER,DFMF,Mainz 05,20,2001,11,6,487,5.4,0,0,0,0,0,1,1,0.00,0.00,0.00,0.00,0.00,0.3,0.3,0.0,0.3,0.05,0.00,0.05,0.05,0.05,Matches,27270af4
468,Robert Tesche,de GER,MF,Bochum,34,1987,11,5,349,3.9,0,0,0,0,0,2,1,0.00,0.00,0.00,0.00,0.00,0.1,0.1,0.0,0.1,0.02,0.00,0.02,0.02,0.02,Matches,037130ca
469,Cedric Teuchert,de GER,MFFW,Union Berlin,24,1997,6,0,105,1.2,0,0,0,0,0,0,0,0.00,0.00,0.00,0.00,0.00,0.3,0.3,0.1,0.5,0.27,0.12,0.40,0.27,0.40,Matches,f956479d
470,Jan Thielmann,de GER,MFFW,Köln,19,2002,29,10,1192,13.2,3,3,3,0,0,6,0,0.23,0.23,0.45,0.23,0.45,1.3,1.3,2.7,4.0,0.10,0.20,0.30,0.10,0.30,Matches,fd53759d
471,Erik Thommy,de GER,FWMF,Stuttgart,26,1994,11,1,274,3.0,0,0,0,0,0,0,0,0.00,0.00,0.00,0.00,0.00,0.5,0.5,0.7,1.2,0.16,0.23,0.40,0.16,0.40,Matches,df8e7b62
472,Marcus Thuram,fr FRA,FW,M'Gladbach,23,1997,21,9,979,10.9,3,0,3,0,0,2,0,0.28,0.00,0.28,0.28,0.28,5.5,5.5,1.5,7.0,0.51,0.14,0.65,0.51,0.65,Matches,6f8cd6d0
473,Alexis Tibidi,fr FRA,MFFW,Stuttgart,17,2003,13,2,385,4.3,0,0,0,0,0,1,0,0.00,0.00,0.00,0.00,0.00,0.5,0.5,0.4,0.9,0.12,0.10,0.22,0.12,0.22,Matches,ca6f4846
474,Steffen Tigges,de GER,FWMF,Dortmund,23,1998,9,0,112,1.2,3,0,3,0,0,0,0,2.41,0.00,2.41,2.41,2.41,1.2,1.2,0.4,1.6,0.96,0.30,1.26,0.96,1.26,Matches,6b8887c2
475,Malik Tillman,us USA,FWMF,Bayern Munich,19,2002,4,1,104,1.2,0,0,0,0,0,0,0,0.00,0.00,0.00,0.00,0.00,0.1,0.1,0.4,0.5,0.10,0.34,0.45,0.10,0.45,Matches,a5420709
476,Timothy Tillman,de GER,MF,Greuther Fürth,22,1999,29,23,2004,22.3,1,2,1,0,0,3,0,0.04,0.09,0.13,0.04,0.13,1.9,1.9,3.3,5.2,0.09,0.15,0.23,0.09,0.23,Matches,a5bea1fb
477,Umut Tohumcu,de GER,MF,Hoffenheim,16,2004,1,0,5,0.1,0,0,0,0,0,0,0,0.00,0.00,0.00,0.00,0.00,0.0,0.0,0.0,0.0,0.00,0.00,0.00,0.00,0.00,Matches,e547d3cf
478,Corentin Tolisso,fr FRA,MF,Bayern Munich,26,1994,15,8,703,7.8,2,1,2,0,0,0,0,0.26,0.13,0.38,0.26,0.38,1.7,1.7,1.8,3.5,0.22,0.23,0.45,0.22,0.45,Matches,652d4c37
479,Tiago Tomás,pt POR,FW,Stuttgart,19,2002,14,13,1075,11.9,4,0,4,0,0,2,0,0.33,0.00,0.33,0.33,0.33,4.1,4.1,1.5,5.6,0.35,0.13,0.47,0.35,0.47,Matches,b492126a
480,Jordan Torunarigha,de GER,DF,Hertha BSC,23,1997,7,6,483,5.4,0,1,0,0,0,1,0,0.00,0.19,0.19,0.00,0.19,0.3,0.3,0.1,0.4,0.06,0.02,0.08,0.06,0.08,Matches,f86cabbd
481,Almamy Touré,ml MLI,DFMF,Eint Frankfurt,25,1996,10,5,506,5.6,0,0,0,0,0,2,0,0.00,0.00,0.00,0.00,0.00,0.7,0.7,0.0,0.7,0.13,0.00,0.13,0.13,0.13,Matches,c8c60119
482,Lucas Tousart,fr FRA,MF,Hertha BSC,24,1997,30,22,1962,21.8,2,0,2,0,0,3,0,0.09,0.00,0.09,0.09,0.09,2.0,2.0,0.9,2.9,0.09,0.04,0.13,0.09,0.13,Matches,71ec39ef
483,Kevin Trapp,de GER,GK,Eint Frankfurt,31,1990,32,32,2880,32.0,0,0,0,0,0,2,0,0.00,0.00,0.00,0.00,0.00,0.0,0.0,0.0,0.0,0.00,0.00,0.00,0.00,0.00,Matches,ce17b5eb
484,Christopher Trimmel,at AUT,DFFW,Union Berlin,34,1987,25,23,1990,22.1,2,0,2,0,0,5,0,0.09,0.00,0.09,0.09,0.09,1.7,1.7,3.0,4.6,0.08,0.13,0.21,0.08,0.21,Matches,056d2d95
485,Philipp Tschauner,de GER,GK,RB Leipzig,35,1985,1,0,3,0.0,0,0,0,0,0,0,0,0.00,0.00,0.00,0.00,0.00,0.0,0.0,0.0,0.0,0.00,0.00,0.00,0.00,0.00,Matches,73e2f6eb
486,Tuta,br BRA,DF,Eint Frankfurt,22,1999,26,26,2183,24.3,4,0,4,0,0,4,1,0.16,0.00,0.16,0.16,0.16,2.6,2.6,0.1,2.7,0.11,0.01,0.11,0.11,0.11,Matches,35d64857
487,Anthony Ujah,ng NGA,FWMF,Union Berlin,30,1990,3,0,35,0.4,0,0,0,0,0,0,0,0.00,0.00,0.00,0.00,0.00,0.3,0.3,0.1,0.3,0.70,0.17,0.87,0.70,0.87,Matches,99be8fb5
488,Sven Ulreich,de GER,GK,Bayern Munich,32,1988,6,6,540,6.0,0,0,0,0,0,0,0,0.00,0.00,0.00,0.00,0.00,0.0,0.0,0.0,0.0,0.00,0.00,0.00,0.00,0.00,Matches,7d3e7da6
489,Dayot Upamecano,fr FRA,DF,Bayern Munich,22,1998,28,25,2211,24.6,1,6,1,0,0,4,0,0.04,0.24,0.28,0.04,0.28,0.8,0.8,2.1,2.9,0.03,0.09,0.12,0.03,0.12,Matches,d248cd8f
490,Benjamin Uphoff,de GER,GK,Freiburg,27,1993,2,2,180,2.0,0,0,0,0,0,0,0,0.00,0.00,0.00,0.00,0.00,0.0,0.0,0.0,0.0,0.00,0.00,0.00,0.00,0.00,Matches,a9a6fc08
491,Mark Uth,de GER,MFFW,Köln,29,1991,30,24,2025,22.5,5,8,5,0,0,3,0,0.22,0.36,0.58,0.22,0.58,6.1,6.1,8.1,14.1,0.27,0.36,0.63,0.27,0.63,Matches,a3ddb1b9
492,Ruben Vargas,ch SUI,MFFW,Augsburg,22,1998,29,26,1984,22.0,1,3,1,0,0,4,0,0.05,0.14,0.18,0.05,0.18,4.8,4.8,3.0,7.8,0.22,0.14,0.35,0.22,0.35,Matches,6ecbddf6
493,Sebastian Vasiliadis,gr GRE,MF,Arminia,23,1997,19,16,1193,13.3,0,0,0,0,0,3,0,0.00,0.00,0.00,0.00,0.00,0.5,0.5,0.2,0.7,0.03,0.02,0.05,0.03,0.05,Matches,d3112d86
494,Mickey van de Ven,nl NED,DF,Wolfsburg,20,2001,5,2,189,2.1,0,1,0,0,0,0,0,0.00,0.48,0.48,0.00,0.48,0.0,0.0,0.7,0.7,0.00,0.32,0.32,0.00,0.32,Matches,8fe2a392
495,Vincent Vermeij,nl NED,MF,Freiburg,26,1994,1,0,3,0.0,0,0,0,0,0,0,0,0.00,0.00,0.00,0.00,0.00,0.0,0.0,0.0,0.0,0.00,0.00,0.00,0.00,0.00,Matches,7e629adc
496,Gabriel Vidovic,hr CRO,FWMF,Bayern Munich,17,2003,3,0,36,0.4,0,0,0,0,0,0,0,0.00,0.00,0.00,0.00,0.00,0.0,0.0,0.1,0.1,0.00,0.24,0.24,0.00,0.24,Matches,5360a956
497,Nick Viergever,nl NED,DF,Greuther Fürth,31,1989,24,24,2133,23.7,0,0,0,0,0,2,0,0.00,0.00,0.00,0.00,0.00,0.4,0.4,0.6,1.0,0.02,0.02,0.04,0.02,0.04,Matches,e38f1636
498,Andreas Voglsammer,de GER,FWMF,Union Berlin,29,1992,32,5,882,9.8,2,1,2,0,0,1,0,0.20,0.10,0.31,0.20,0.31,3.2,3.2,1.6,4.8,0.33,0.17,0.49,0.33,0.49,Matches,daa78200
499,Kevin Vogt,de GER,DF,Hoffenheim,29,1991,30,29,2569,28.5,0,2,0,0,0,7,0,0.00,0.07,0.07,0.00,0.07,0.1,0.1,0.5,0.5,0.00,0.02,0.02,0.00,0.02,Matches,1d8e9add
500,Aster Vranckx,be BEL,MF,Wolfsburg,18,2002,24,12,1141,12.7,2,0,2,0,0,2,0,0.16,0.00,0.16,0.16,0.16,2.9,2.9,1.3,4.2,0.23,0.10,0.33,0.23,0.33,Matches,f86cd5df
501,Luca Waldschmidt,de GER,MFFW,Wolfsburg,25,1996,14,9,717,8.0,1,0,1,0,0,2,0,0.13,0.00,0.13,0.13,0.13,2.0,2.0,0.5,2.5,0.25,0.06,0.32,0.25,0.32,Matches,e5a35ae9
502,Paul Wanner,de GER,FWMF,Bayern Munich,15,2005,4,0,39,0.4,0,0,0,0,0,0,0,0.00,0.00,0.00,0.00,0.00,0.0,0.0,0.0,0.0,0.00,0.09,0.09,0.00,0.09,Matches,cb64672e
503,Wout Weghorst,nl NED,FW,Wolfsburg,28,1992,18,17,1553,17.3,6,1,5,1,2,2,0,0.35,0.06,0.41,0.29,0.35,7.7,5.9,2.1,8.1,0.44,0.12,0.57,0.34,0.47,Matches,c4e87b8b
504,Noah Weißhaupt,de GER,MFFW,Freiburg,19,2001,10,0,97,1.1,0,0,0,0,0,0,0,0.00,0.00,0.00,0.00,0.00,0.0,0.0,0.5,0.5,0.00,0.46,0.46,0.00,0.46,Matches,dd676a97
505,Silvan Widmer,ch SUI,DF,Mainz 05,28,1993,33,33,2920,32.4,4,5,4,0,0,1,0,0.12,0.15,0.28,0.12,0.28,2.7,2.7,2.7,5.5,0.08,0.08,0.17,0.08,0.17,Matches,f68b64fc
506,Jetro Willems,nl NED,DF,Greuther Fürth,27,1994,24,20,1598,17.8,1,0,1,0,0,5,0,0.06,0.00,0.06,0.06,0.06,0.7,0.7,1.6,2.4,0.04,0.09,0.13,0.04,0.13,Matches,9050ddc4
507,Patrick Wimmer,at AUT,FWMF,Arminia,20,2001,31,27,2052,22.8,3,6,3,0,0,7,0,0.13,0.26,0.39,0.13,0.39,4.1,4.1,4.5,8.7,0.18,0.20,0.38,0.18,0.38,Matches,cb11b429
508,Jonas Wind,dk DEN,FWMF,Wolfsburg,22,1999,14,14,1180,13.1,5,1,5,0,0,0,0,0.38,0.08,0.46,0.38,0.46,5.1,5.1,2.8,7.9,0.39,0.21,0.60,0.39,0.60,Matches,2077ae86
509,Marten Winkler,de GER,MF,Hertha BSC,18,2002,1,0,26,0.3,0,0,0,0,0,0,0,0.00,0.00,0.00,0.00,0.00,0.0,0.0,0.0,0.0,0.00,0.00,0.00,0.00,0.00,Matches,e0d515ef
510,Frederik Winther,dk DEN,DF,Augsburg,20,2001,4,3,328,3.6,0,0,0,0,0,1,0,0.00,0.00,0.00,0.00,0.00,0.0,0.0,0.0,0.0,0.00,0.00,0.00,0.00,0.00,Matches,a1257b5e
511,Florian Wirtz,de GER,MFFW,Leverkusen,18,2003,24,22,1851,20.6,7,10,7,0,0,2,0,0.34,0.49,0.83,0.34,0.83,6.2,6.2,8.3,14.5,0.30,0.41,0.70,0.30,0.70,Matches,e7fcf289
512,Axel Witsel,be BEL,MFDF,Dortmund,32,1989,29,22,1941,21.6,2,0,2,0,0,4,0,0.09,0.00,0.09,0.09,0.09,0.8,0.8,0.7,1.4,0.04,0.03,0.07,0.04,0.07,Matches,5dfc6ad5
513,Hannes Wolf,at AUT,FWMF,M'Gladbach,22,1999,7,2,307,3.4,0,0,0,0,0,2,0,0.00,0.00,0.00,0.00,0.00,0.3,0.3,0.3,0.6,0.09,0.08,0.18,0.09,0.18,Matches,be42a291
514,Marius Wolf,de GER,DFFW,Dortmund,26,1995,27,15,1321,14.7,3,1,3,0,0,4,0,0.20,0.07,0.27,0.20,0.27,2.4,2.4,1.2,3.7,0.16,0.08,0.25,0.16,0.25,Matches,fa661778
515,Luca Wollschläger,de GER,FWMF,Hertha BSC,18,2003,2,0,16,0.2,0,0,0,0,0,0,0,0.00,0.00,0.00,0.00,0.00,0.1,0.1,0.1,0.1,0.34,0.41,0.75,0.34,0.75,Matches,24b8e7bd
516,Jeong Woo-yeong,kr KOR,FWMF,Freiburg,21,1999,32,23,1782,19.8,5,2,5,0,0,1,0,0.25,0.10,0.35,0.25,0.35,6.0,6.0,2.0,8.0,0.30,0.10,0.40,0.30,0.40,Matches,6190474d
517,Joscha Wosz,de GER,DF,RB Leipzig,19,2002,1,0,9,0.1,0,0,0,0,0,0,0,0.00,0.00,0.00,0.00,0.00,0.0,0.0,0.0,0.0,0.00,0.00,0.00,0.00,0.00,Matches,80c9e555
518,Dan-Axel Zagadou,fr FRA,DF,Dortmund,22,1999,15,10,952,10.6,0,0,0,0,0,2,0,0.00,0.00,0.00,0.00,0.00,0.3,0.3,0.0,0.3,0.03,0.00,0.03,0.03,0.03,Matches,a4effc55
519,Denis Zakaria,ch SUI,MFDF,M'Gladbach,24,1996,16,15,1395,15.5,2,1,2,0,0,4,0,0.13,0.06,0.19,0.13,0.19,1.2,1.2,1.0,2.2,0.08,0.07,0.14,0.08,0.14,Matches,384d58d9
520,Deyovaisio Zeefuik,nl NED,DF,Hertha BSC,23,1998,11,6,565,6.3,0,0,0,0,0,1,0,0.00,0.00,0.00,0.00,0.00,0.0,0.0,0.4,0.4,0.00,0.06,0.06,0.00,0.06,Matches,58a2e9f6
521,Robin Zentner,de GER,GK,Mainz 05,26,1994,32,32,2880,32.0,0,0,0,0,0,1,0,0.00,0.00,0.00,0.00,0.00,0.0,0.0,0.0,0.0,0.00,0.00,0.00,0.00,0.00,Matches,5c4bf6ba
522,Andi Zeqiri,ch SUI,FWMF,Augsburg,22,1999,22,11,1016,11.3,2,1,2,0,0,2,0,0.18,0.09,0.27,0.18,0.27,3.0,3.0,0.9,4.0,0.27,0.08,0.35,0.27,0.35,Matches,d01231f0
523,Simon Zoller,de GER,FW,Bochum,30,1991,10,6,596,6.6,3,2,3,0,0,3,0,0.45,0.30,0.76,0.45,0.76,1.6,1.6,0.9,2.6,0.25,0.14,0.39,0.25,0.39,Matches,29f7cfd9